0 0.302988 0.00334099
1 1.01039 0.642852
2 1.1061 0.703587
3 0.447909 1.03817
4 0.654651 0.736218
5 0.065107 1.08197
6 1.92066 1.10938
7 1.33657 0.849042
8 0.932022 0.894777
9 -0.0787414 0.922746
10 1.71047 0.997276
11 0.0322607 1.07763
12 0.849568 0.725349
13 0.279705 0.787884
14 0.0364283 0.65854
15 1.37872 0.821872
16 -0.891813 0.800095
17 0.905184 0.946084
18 -0.55779 0.840582
19 1.17039 0.843459
20 -0.0744629 0.924
21 2.67595 0.806646
22 0.542194 0.8565
23 0.725239 0.873546
24 -0.308946 0.572604
25 0.10424 0.677837
26 1.13332 0.952316
27 0.130802 0.676399
28 0.954172 0.851735
29 0.69733 0.835116
30 -0.565153 0.714775
31 -0.190831 0.607915
32 1.54698 0.76356
33 0.560732 0.771855
34 -1.00166 0.647439
35 -0.178294 0.88638
36 0.721839 0.651458
37 -0.856655 0.803667
38 1.82427 0.541098
39 -0.177467 0.646344
40 -0.271065 0.541736
41 0.557837 0.712367
42 1.29374 0.625205
43 0.411169 0.681525
44 1.60549 0.9024
45 -0.40961 0.840618
46 2.09317 0.676063
47 -0.630235 0.738504
48 0.590476 0.686334
49 -0.549201 0.652096
50 -0.192423 0.663459
51 -0.411399 0.790395
52 -1.40025 0.692829
53 1.11824 0.830822
54 -0.244099 0.764065
55 -1.16383 0.815203
56 0.0189687 0.483261
57 0.819769 0.766436
58 1.15593 0.728862
59 -0.318451 0.690882
60 0.91547 0.89839
61 2.19835 0.771529
62 1.60594 0.778066
63 -0.308209 0.67842
64 0.334577 0.657613
65 1.23768 0.716637
66 -0.101411 0.745315
67 0.67437 0.565684
68 0.70726 0.817326
69 0.378025 0.855458
70 0.439095 0.83154
71 -0.507925 0.719217
72 0.304072 0.675282
73 -0.038635 0.652992
74 -0.323695 0.531325
75 -0.62736 0.736493
76 0.31952 0.504458
77 0.187025 0.769334
78 -0.619536 0.665233
79 -0.0802431 0.765517
80 0.743546 0.672321
81 -0.431309 0.608865
82 0.941527 0.875136
83 0.303458 0.661323
84 -0.0408876 0.514115
85 0.290625 0.852178
86 0.991247 0.872251
87 0.226151 0.568555
88 -0.33889 0.782314
89 0.164143 0.609702
90 0.39157 0.755219
91 -1.44908 0.647952
92 0.666217 0.71894
93 0.249427 0.694492
94 0.827851 0.757138
95 -0.644823 0.619644
96 0.326321 0.559192
97 2.13843 0.844399
98 1.07612 0.719788
99 0.566953 0.702876
100 0.562671 0.711146
101 0.460494 1.09701
102 0.0580474 0.924153
103 1.07639 0.635968
104 0.779841 0.765526
105 0.806709 0.855909
106 0.0882901 0.881067
107 0.355472 0.740902
108 0.693646 0.62102
109 0.513193 0.807806
110 -0.408255 0.65643
111 -0.666739 0.720142
112 -0.289212 0.781404
113 1.05132 0.736603
114 0.395603 0.582759
115 0.414721 0.870584
116 -0.0135462 0.94574
117 1.16849 0.568662
118 0.346887 0.789288
119 1.5908 0.818707
120 0.825641 0.571285
121 -0.0944845 0.629791
122 0.16183 0.70989
123 0.199518 0.628815
124 0.883392 0.556134
125 0.217062 0.590222
126 2.42162 0.783952
127 -0.855057 0.694086
128 -0.533275 0.595978
129 0.872723 0.670723
130 0.520764 0.707818
131 -1.12329 0.830049
132 1.64129 0.738466
133 1.11749 0.686396
134 1.14129 0.777814
135 0.384497 0.730507
136 1.40978 0.759066
137 0.314666 0.686692
138 0.133128 0.73617
139 -0.480318 0.695962
140 1.15948 0.72692
141 -0.290192 0.837798
142 0.117175 0.712197
143 -1.28618 0.838406
144 0.808174 0.74304
145 0.146627 0.605898
146 -0.0125714 0.671736
147 1.37858 0.722893
148 0.612546 0.726553
149 -0.62792 0.630463
150 0.523258 0.732923
151 -1.10161 0.845686
152 0.426095 0.766729
153 0.377538 0.773171
154 0.145883 0.641853
155 0.845251 0.669551
156 -0.324472 0.849009
157 0.155503 0.882655
158 -0.0220687 0.778625
159 0.527209 0.536268
160 0.632946 0.735281
161 -1.00428 0.874018
162 0.222241 0.577439
163 -0.0125949 0.849969
164 -0.434598 0.688944
165 -0.27789 0.584209
166 1.03512 0.682756
167 -0.127526 0.588999
168 0.233875 0.855087
169 -0.656588 0.734639
170 -0.151658 0.742781
171 -0.150663 0.470169
172 -0.143471 0.624039
173 1.08251 0.6761
174 -0.26465 0.753281
175 0.247142 0.830939
176 -0.793217 0.767732
177 0.0427493 0.694076
178 0.172175 0.678615
179 -0.377562 0.656585
180 0.632891 0.713607
181 1.11565 0.729395
182 0.370498 0.969471
183 0.550194 0.740323
184 0.588325 0.701091
185 1.76524 0.752755
186 0.118576 0.728058
187 0.326302 0.840091
188 -0.807409 0.567423
189 0.597709 0.61167
190 0.19991 0.686881
191 -0.732265 0.73206
192 0.50645 0.685524
193 0.56838 0.658623
194 -0.644869 0.905359
195 0.592583 0.62906
196 -1.61983 0.67904
197 0.406485 0.867463
198 1.00421 0.907276
199 -0.140719 0.806463
200 -1.2117 0.756721
201 -0.0461853 0.824755
202 0.729144 0.794412
203 2.68339 0.659262
204 -0.177554 0.584745
205 1.2186 0.634097
206 -1.15629 0.694923
207 -0.509765 0.901644
208 -0.453644 0.761492
209 1.99638 0.760371
210 -0.768364 0.823293
211 0.130695 0.891944
212 -0.897344 0.84223
213 -1.13875 0.573668
214 0.540191 0.746838
215 0.760781 0.642383
216 2.30021 0.821834
217 2.0376 0.635118
218 0.276668 1.1138
219 0.386533 0.699647
220 0.416683 0.82383
221 0.55404 0.80481
222 -0.538441 0.633065
223 1.23315 0.683099
224 0.686783 0.690438
225 -0.0600277 1.05592
226 0.0475097 0.992423
227 0.387327 0.731975
228 -0.38056 0.73636
229 -0.878677 0.773101
230 -0.00596469 0.843416
231 -0.0985942 0.673433
232 0.506994 0.6783
233 0.22526 0.716124
234 0.794185 0.715752
235 0.102587 0.847767
236 0.239305 0.702848
237 1.67063 0.782927
238 0.597516 0.880618
239 1.71499 0.6876
240 -0.450366 0.630274
241 0.936203 0.662079
242 -0.272115 0.953871
243 0.317336 0.85153
244 0.643278 0.534796
245 -0.366181 0.551399
246 0.540701 0.64882
247 -1.07313 0.610491
248 1.31035 0.637836
249 -0.496704 0.434231
250 -0.269975 0.764125
251 0.324517 0.715768
252 0.484859 0.675661
253 1.43518 0.843725
254 -1.59869 0.522949
255 -0.733335 0.824088
256 1.0989 0.867086
257 -0.289705 0.699974
258 -0.270747 0.965924
259 0.814388 0.800964
260 0.825858 0.854152
261 -0.571888 0.716382
262 -0.278196 0.724029
263 1.01171 0.718894
264 1.6246 0.733848
265 1.12821 0.67962
266 -1.68253 0.701955
267 0.69734 0.704355
268 -1.0667 1.00838
269 1.07256 0.776331
270 -0.231377 0.719886
271 1.44368 0.809489
272 -0.127822 0.758148
273 -0.840983 0.750262
274 -0.38962 0.727288
275 0.299092 0.827433
276 1.12475 0.839535
277 0.260992 0.775284
278 -0.167062 0.805135
279 0.353461 0.83684
280 1.04656 0.881844
281 1.76157 0.978552
282 0.0675413 0.781288
283 -0.0568901 0.701096
284 0.508369 0.583942
285 -0.639101 0.661118
286 0.737736 0.882274
287 0.987834 0.707553
288 1.17712 0.805555
289 0.329761 0.72709
290 -0.506794 0.875117
291 1.72627 0.893912
292 -0.227902 0.877836
293 0.299659 0.841715
294 -1.14489 0.876029
295 -0.058541 0.890897
296 0.345753 0.662735
297 0.152758 0.765927
298 0.873992 1.00224
299 0.307975 0.00416659
