0 0.302573 0.00281763
1 0.626087 0.291002
2 0.398204 0.250332
3 -0.115024 0.459543
4 1.08355 0.385804
5 0.326181 0.481381
6 1.21338 0.406559
7 0.615628 0.316932
8 0.631892 0.378937
9 0.253314 0.318534
10 0.571266 0.362785
11 0.0977317 0.279436
12 0.649712 0.23763
13 0.314837 0.358749
14 0.321065 0.245571
15 0.440357 0.226813
16 -0.285276 0.301659
17 0.393354 0.375912
18 0.347742 0.264006
19 0.721166 0.38627
20 0.0665604 0.314933
21 1.11817 0.318752
22 0.471717 0.332542
23 0.630318 0.286912
24 0.441232 0.241206
25 0.238086 0.266597
26 0.474775 0.303244
27 -0.00877073 0.288175
28 0.0531901 0.325277
29 0.535251 0.329914
30 0.224833 0.304763
31 0.70759 0.296101
32 0.653785 0.309677
33 0.434523 0.301796
34 -0.267402 0.261899
35 0.0272388 0.338241
36 0.41076 0.227457
37 -0.395772 0.311408
38 0.447933 0.269232
39 0.198032 0.246208
40 -0.26534 0.20966
41 0.601406 0.216277
42 0.809201 0.365055
43 0.593021 0.244135
44 0.638324 0.373271
45 -0.021399 0.29376
46 0.819734 0.253183
47 0.272583 0.250594
48 0.530838 0.25775
49 0.272176 0.209841
50 0.487849 0.268554
51 -0.0674712 0.247922
52 -0.355826 0.253528
53 0.733687 0.295419
54 -0.22628 0.248214
55 0.118912 0.305952
56 0.152815 0.253464
57 0.432283 0.270132
58 0.137099 0.267766
59 -0.117138 0.244607
60 0.610272 0.291189
61 0.793903 0.260968
62 0.486788 0.266564
63 -0.117016 0.311612
64 0.272245 0.26489
65 0.994682 0.241166
66 0.222577 0.233378
67 0.564747 0.25515
68 0.145394 0.249866
69 0.415788 0.284123
70 0.223936 0.249518
71 -0.0410866 0.270123
72 0.541629 0.291683
73 0.0378023 0.236713
74 0.345705 0.204226
75 0.143494 0.270946
76 0.65398 0.207858
77 0.151918 0.288024
78 0.484365 0.248756
79 -0.120484 0.225484
80 0.287233 0.293398
81 0.346609 0.227001
82 0.423612 0.26945
83 -0.0820379 0.239247
84 0.414572 0.186519
85 0.113308 0.318336
86 0.708916 0.254357
87 0.469692 0.22405
88 0.437959 0.306302
89 0.486325 0.235094
90 0.31104 0.255628
91 0.288368 0.213522
92 0.306634 0.256825
93 0.332777 0.272165
94 0.283782 0.163389
95 -0.109167 0.290295
96 0.518011 0.174973
97 0.367448 0.267092
98 0.608782 0.184235
99 0.212543 0.227408
100 0.576514 0.229928
101 0.491879 0.349557
102 0.108771 0.31574
103 0.489794 0.250676
104 0.356078 0.240749
105 0.351113 0.316891
106 0.0939381 0.353675
107 0.181617 0.219641
108 0.437602 0.216676
109 0.679202 0.288444
110 0.277519 0.202391
111 -0.256579 0.240875
112 0.0886042 0.230849
113 0.739976 0.206478
114 0.23718 0.263175
115 0.392092 0.31162
116 0.4028 0.349344
117 0.717292 0.223174
118 0.318721 0.254677
119 0.526739 0.276091
120 0.569555 0.235835
121 0.131678 0.290046
122 0.181477 0.268446
123 0.155553 0.240085
124 0.408046 0.220433
125 0.168183 0.178943
126 0.908376 0.224516
127 -0.457846 0.228151
128 0.0405451 0.265368
129 0.736984 0.25485
130 0.364811 0.21741
131 -0.0178316 0.248469
132 0.360463 0.222819
133 0.20794 0.253404
134 0.385618 0.241616
135 0.282204 0.291229
136 0.485834 0.218585
137 0.514976 0.270623
138 0.0895647 0.254594
139 -0.000748546 0.250372
140 0.935441 0.232551
141 0.13361 0.1886
142 0.234116 0.246948
143 0.00344799 0.266877
144 0.422862 0.243256
145 0.127552 0.242404
146 0.283883 0.155498
147 0.453186 0.240719
148 0.361907 0.259325
149 0.190414 0.28312
150 0.475715 0.280718
151 -0.015668 0.237671
152 0.26118 0.245849
153 0.0380771 0.293091
154 0.468067 0.29511
155 0.104427 0.264129
156 -0.315075 0.331432
157 0.301634 0.214965
158 -0.159493 0.323869
159 0.517735 0.208957
160 0.121235 0.212982
161 -0.285 0.24651
162 -0.110846 0.239265
163 0.0696257 0.26763
164 0.35958 0.227553
165 0.113858 0.236047
166 0.516683 0.274006
167 0.302843 0.197253
168 0.490438 0.245618
169 -0.142586 0.27049
170 0.243494 0.199672
171 0.235203 0.210273
172 0.19523 0.246251
173 0.304942 0.243586
174 -0.0683334 0.248188
175 0.292135 0.241988
176 0.229385 0.267387
177 0.128516 0.252965
178 0.450376 0.215291
179 -0.168958 0.291704
180 0.64328 0.255459
181 0.446139 0.255777
182 0.485095 0.258862
183 0.593263 0.209382
184 -0.0794048 0.258196
185 0.830597 0.238136
186 0.0626152 0.282346
187 0.283051 0.306385
188 0.202193 0.271645
189 0.42996 0.290099
190 0.555776 0.14697
191 -0.0103532 0.200792
192 0.356857 0.265727
193 0.473817 0.210091
194 0.074913 0.254673
195 0.40662 0.2493
196 -0.0622065 0.277491
197 0.0459087 0.371143
198 0.759926 0.275924
199 0.337418 0.269317
200 -0.0289895 0.229975
201 0.132925 0.25861
202 0.244495 0.286963
203 0.995729 0.17198
204 0.0865626 0.230767
205 0.663164 0.198486
206 -0.0909892 0.263203
207 0.149019 0.321949
208 0.0955091 0.263037
209 0.721953 0.253548
210 0.0579115 0.202231
211 0.59928 0.274112
212 0.119036 0.292206
213 0.0950862 0.188415
214 0.627499 0.255722
215 0.206981 0.241536
216 0.317831 0.338267
217 0.878676 0.212581
218 0.376413 0.331153
219 0.400638 0.210004
220 0.11825 0.257164
221 0.359472 0.249123
222 0.362397 0.243331
223 0.309891 0.324009
224 0.0500372 0.225281
225 0.0733838 0.364965
226 0.365563 0.280571
227 0.0954399 0.364171
228 0.311878 0.249009
229 0.0410608 0.283548
230 0.562211 0.246396
231 0.133873 0.223149
232 0.102493 0.229172
233 0.321776 0.300259
234 0.532956 0.256151
235 0.317576 0.331237
236 0.173387 0.314511
237 0.468715 0.258865
238 0.590598 0.31082
239 0.580219 0.25847
240 0.0121487 0.246772
241 0.3851 0.24987
242 0.268816 0.270135
243 0.0324553 0.283839
244 0.206746 0.178555
245 0.303262 0.141829
246 0.486769 0.279972
247 0.0924829 0.235243
248 0.479455 0.252252
249 0.236663 0.196547
250 0.158889 0.312872
251 0.301826 0.251611
252 0.362416 0.280514
253 0.422579 0.314306
254 0.249523 0.267252
255 -0.139269 0.278472
256 0.713085 0.280608
257 0.266064 0.225909
258 0.310448 0.319686
259 0.500426 0.237346
260 0.40926 0.266716
261 0.201139 0.218768
262 0.222774 0.25364
263 0.742355 0.293657
264 1.02937 0.341398
265 0.599818 0.235451
266 -0.328146 0.275675
267 0.18804 0.24877
268 -0.00644999 0.366461
269 0.682703 0.221175
270 0.244311 0.265721
271 0.511404 0.258708
272 0.136348 0.216251
273 -0.040507 0.299379
274 -0.0960087 0.251645
275 0.318187 0.327673
276 0.70702 0.316402
277 0.537867 0.306946
278 -0.366039 0.387259
279 0.30728 0.269538
280 0.432516 0.344432
281 0.741483 0.309341
282 0.399017 0.329296
283 -0.0816984 0.276019
284 0.702132 0.263684
285 0.122563 0.33666
286 0.399461 0.366968
287 0.559337 0.288438
288 0.499706 0.243567
289 0.409652 0.392947
290 -0.0444829 0.379821
291 1.04697 0.327365
292 0.00500579 0.349854
293 0.363823 0.325996
294 0.491022 0.299265
295 0.0690017 0.402554
296 0.252562 0.338843
297 0.382013 0.300575
298 0.929118 0.465286
299 0.303674 0.00274506
