0 -0.744175 0.00583386
1 -0.747184 0.00556933
2 -0.757485 0.00432487
3 -0.762963 0.00322098
4 -0.769809 0.00449479
5 -0.775299 0.00438364
6 -0.777931 0.00381594
7 -0.778098 0.00420195
8 -0.778379 0.00540074
9 -0.782476 0.00452079
10 -0.779502 0.00415218
11 -0.782455 0.00421192
12 -0.784346 0.00403913
13 -0.780648 0.00433437
14 -0.780639 0.00376428
15 -0.778118 0.00489374
16 -0.780974 0.00493968
17 -0.781762 0.00479294
18 -0.782054 0.00427968
19 -0.783583 0.00364091
20 -0.788289 0.00346623
21 -0.786656 0.00414577
22 -0.790278 0.003865
23 -0.790315 0.00497828
24 -0.788456 0.00468639
25 -0.78869 0.00432289
26 -0.784528 0.00448495
27 -0.779727 0.0047921
28 -0.781129 0.00434135
29 -0.780315 0.00450663
30 -0.779424 0.00398218
31 -0.773862 0.00366718
32 -0.77446 0.00385189
33 -0.771741 0.00427836
34 -0.781316 0.00450964
35 -0.782551 0.00427328
36 -0.785162 0.00455107
37 -0.786056 0.00378618
38 -0.784343 0.00409534
39 -0.783822 0.00457888
40 -0.784692 0.00433472
41 -0.779605 0.00377185
42 -0.780936 0.00396542
43 -0.786553 0.00434309
44 -0.786373 0.00446367
45 -0.784271 0.00506952
46 -0.785087 0.0054432
47 -0.787485 0.00407308
48 -0.785594 0.004349
49 -0.778979 0.00446374
50 -0.77818 0.00447678
51 -0.778611 0.00491104
52 -0.782021 0.00400268
53 -0.78265 0.00482125
54 -0.780739 0.00474402
55 -0.782526 0.00429726
56 -0.78005 0.00403056
57 -0.781969 0.00407441
58 -0.781013 0.00459553
59 -0.782646 0.00336498
60 -0.781538 0.00289744
61 -0.781091 0.00297709
62 -0.781852 0.00349187
63 -0.783967 0.00307504
64 -0.782567 0.00332864
65 -0.781051 0.00302275
66 -0.782677 0.00354317
67 -0.780722 0.00281321
68 -0.77986 0.00330257
69 -0.778385 0.0038465
70 -0.777361 0.00396946
71 -0.779064 0.00424606
72 -0.779585 0.00379527
73 -0.77873 0.00315219
74 -0.777447 0.00313735
75 -0.778192 0.00290647
76 -0.780461 0.0037377
77 -0.783372 0.00266511
78 -0.783361 0.00249093
79 -0.781043 0.00273878
80 -0.78179 0.0029611
81 -0.783628 0.00299583
82 -0.784368 0.00283716
83 -0.783329 0.00329952
84 -0.780461 0.00297779
85 -0.783275 0.00269057
86 -0.785094 0.00225709
87 -0.781239 0.00280506
88 -0.780604 0.00323894
89 -0.779307 0.00323257
90 -0.781076 0.00257864
91 -0.782288 0.00325345
92 -0.780783 0.00367667
93 -0.781404 0.00390107
94 -0.784109 0.00450477
95 -0.77904 0.00408491
96 -0.776499 0.00346756
97 -0.774516 0.00367559
98 -0.773652 0.00414998
99 -0.776862 0.0041795
100 -0.778654 0.00366973
101 -0.77824 0.00427047
102 -0.776533 0.00427398
103 -0.778909 0.00339707
104 -0.779142 0.00378245
105 -0.780285 0.00391423
106 -0.780173 0.0038066
107 -0.779204 0.0034942
108 -0.778443 0.00329215
109 -0.781206 0.00301596
110 -0.781746 0.00357879
111 -0.781473 0.00371877
112 -0.782475 0.00375117
113 -0.779158 0.00418585
114 -0.779493 0.00422706
115 -0.781791 0.00325124
116 -0.785044 0.00343499
117 -0.784679 0.00343115
118 -0.784014 0.00381512
119 -0.783998 0.004161
120 -0.783047 0.0037229
121 -0.785477 0.00352879
122 -0.785518 0.00343493
123 -0.78228 0.00380082
124 -0.780372 0.00394059
125 -0.782228 0.00393049
126 -0.783797 0.00365949
127 -0.781963 0.0035854
128 -0.783574 0.00312493
129 -0.781607 0.00277236
130 -0.783339 0.00283708
131 -0.783987 0.0030856
132 -0.784014 0.0027147
133 -0.786797 0.00241008
134 -0.789674 0.00213685
135 -0.786468 0.00245092
136 -0.786015 0.00281244
137 -0.785081 0.00309528
138 -0.783989 0.00269304
139 -0.784385 0.00280924
140 -0.784797 0.00289964
141 -0.782809 0.00279074
142 -0.783706 0.00253773
143 -0.784162 0.0031194
144 -0.780507 0.00319152
145 -0.78162 0.00256332
146 -0.780612 0.00254255
147 -0.77892 0.00302179
148 -0.782411 0.00309086
149 -0.781318 0.00344479
150 -0.781649 0.00352448
151 -0.781118 0.00364448
152 -0.784484 0.00300138
153 -0.78428 0.00287753
154 -0.784364 0.00246872
155 -0.781162 0.00285431
156 -0.783419 0.00242212
157 -0.784798 0.00226571
158 -0.784342 0.0026292
159 -0.779156 0.00294383
160 -0.777897 0.00286092
161 -0.779872 0.0028694
162 -0.778608 0.00281329
163 -0.777128 0.00278414
164 -0.7758 0.00279856
165 -0.777007 0.00307004
166 -0.778073 0.00348941
167 -0.779113 0.00346928
168 -0.778013 0.00352246
169 -0.775434 0.00407262
170 -0.778689 0.00358199
171 -0.779225 0.00363315
172 -0.77976 0.00401669
173 -0.783818 0.0039817
174 -0.784819 0.002948
175 -0.787153 0.00261396
176 -0.785531 0.00250007
177 -0.784737 0.00348848
178 -0.784694 0.00357027
179 -0.783754 0.00341339
180 -0.785019 0.0032645
181 -0.785699 0.0031566
182 -0.788655 0.00326563
183 -0.786656 0.00328721
184 -0.782444 0.00289649
185 -0.782793 0.00303741
186 -0.782005 0.00387141
187 -0.779511 0.00361785
188 -0.782824 0.00347714
189 -0.783907 0.00363724
190 -0.782703 0.00323535
191 -0.781615 0.00368905
192 -0.782124 0.00275898
193 -0.781006 0.00368064
194 -0.782845 0.00304237
195 -0.781614 0.00331032
196 -0.782836 0.00353176
197 -0.784368 0.00446207
198 -0.786368 0.00464178
199 -0.785724 0.0034179
200 -0.784554 0.00321951
201 -0.7842 0.00352033
202 -0.785712 0.0036914
203 -0.784053 0.00362548
204 -0.780893 0.00331653
205 -0.780534 0.00315434
206 -0.780952 0.00327768
207 -0.779738 0.00261454
208 -0.77873 0.00245798
209 -0.782174 0.00265779
210 -0.783204 0.00278454
211 -0.784311 0.00373845
212 -0.785073 0.00341869
213 -0.784996 0.00369448
214 -0.784844 0.00298071
215 -0.78118 0.00297789
216 -0.779826 0.00296126
217 -0.780393 0.00348682
218 -0.783995 0.00339063
219 -0.784794 0.00327861
220 -0.785854 0.00355579
221 -0.785621 0.00380352
222 -0.783536 0.00362943
223 -0.781788 0.00414541
224 -0.778634 0.00390517
225 -0.779625 0.00434593
226 -0.781996 0.00365653
227 -0.780972 0.00323128
228 -0.780984 0.00240648
229 -0.778283 0.00281663
230 -0.77687 0.00312214
231 -0.775664 0.00330888
232 -0.777159 0.00325343
233 -0.780308 0.0036164
234 -0.782066 0.00308658
235 -0.777477 0.0025692
236 -0.777432 0.0029546
237 -0.778455 0.00331671
238 -0.777681 0.0036978
239 -0.77795 0.00408111
240 -0.784625 0.00343538
241 -0.78294 0.00307189
242 -0.787559 0.00335293
243 -0.784815 0.00323765
244 -0.784946 0.0033766
245 -0.781894 0.00391932
246 -0.779972 0.00364444
247 -0.781072 0.00315985
248 -0.780211 0.00293548
249 -0.781934 0.00363402
250 -0.779864 0.00364676
251 -0.778688 0.00302219
252 -0.777835 0.0033136
253 -0.776133 0.00334088
254 -0.777258 0.00375855
255 -0.775931 0.00318381
256 -0.775233 0.00315917
257 -0.776076 0.00308466
258 -0.774344 0.00391833
259 -0.771875 0.00424482
260 -0.776741 0.00393799
261 -0.778612 0.00432018
262 -0.778842 0.00476007
263 -0.781082 0.00390103
264 -0.783791 0.00294394
265 -0.783447 0.00303082
266 -0.782725 0.00454021
267 -0.789084 0.00462719
268 -0.784225 0.00465492
269 -0.786779 0.00472007
270 -0.783053 0.00424531
271 -0.778168 0.00378865
272 -0.779378 0.00406051
273 -0.779272 0.00374012
274 -0.7802 0.00275888
275 -0.778173 0.00363737
276 -0.775858 0.00290549
277 -0.77547 0.00339459
278 -0.780746 0.00331469
279 -0.782496 0.00366198
280 -0.779402 0.00368943
281 -0.780091 0.00446735
282 -0.779984 0.00321271
283 -0.779098 0.00400439
284 -0.778004 0.0041699
285 -0.778675 0.00397286
286 -0.775157 0.00422268
287 -0.776604 0.00413231
288 -0.775898 0.00383574
289 -0.776882 0.00415112
290 -0.777453 0.00441819
291 -0.776886 0.00475461
292 -0.77484 0.00486285
293 -0.773914 0.00530655
294 -0.766443 0.00608627
295 -0.761212 0.00572289
296 -0.7578 0.00536799
297 -0.748333 0.00535128
298 -0.746586 0.00538595
299 -0.739721 0.00564849
