1.19281
1.18963
1.18656
1.1839
1.1819
1.18068
1.18023
1.18044
1.18113
1.18215
1.18334
1.18458
1.18573
1.18665
1.18721
1.1873
1.18691
1.18609
1.18503
1.18397
1.18319
1.18293
1.18331
1.18429
1.18574
1.18744
1.18916
1.19069
1.19186
1.19259
1.19286
1.19275
1.1924
1.192
1.19176
1.19187
1.19249
1.19365
1.19535
1.19746
1.19984
1.2023
1.20464
1.20667
1.20819
1.20905
1.20913
1.20835
1.20671
1.20433
1.20147
1.19854
1.19601
1.19429
1.1936
1.19383
1.19463
1.19557
1.19629
1.19657
1.19639
1.19584
1.19511
1.19435
1.19372
1.19327
1.19305
1.19307
1.19335
1.19397
1.19502
1.19661
1.19877
1.20144
1.20446
1.20757
1.21047
1.21286
1.21451
1.2152
1.21478
1.21312
1.21013
1.20576
1.20009
1.1934
1.18627
1.17961
1.17449
1.17189
1.17221
1.1752
1.18007
1.18591
1.19196
1.19774
1.20299
1.20761
1.21157
1.2149
1.21759
1.21967
1.22114
1.222
1.22224
1.22188
1.22092
1.2194
1.21745
1.21523
1.21301
1.21107
1.20968
1.20895
1.20881
1.20901
1.20915
1.20881
1.20757
1.20507
1.20102
1.19519
1.18748
1.17797
1.16707
1.15576
1.14565
1.1388
1.13706
1.14111
1.15001
1.1617
1.17388
1.18476
1.19339
1.19946
1.20313
1.20475
1.20475
1.20354
1.20151
1.199
1.19629
1.19364
1.19126
1.1893
1.18786
1.18693
1.18647
1.18635
1.18645
1.18661
1.18674
1.18676
1.18664
1.18638
1.18599
1.18551
1.18496
1.18437
1.18376
1.18316
1.18263
1.18223
1.18203
1.18209
1.18244
1.1831
1.18405
1.18523
1.18656
1.18796
1.18934
1.19061
1.19168
1.1925
1.19302
1.19319
1.19299
1.19241
1.19145
1.19014
1.18849
1.18656
1.18437
1.18198
1.1794
1.17668
1.17386
1.17103
1.16835
1.16604
1.1643
1.16334
1.16323
1.16392
1.16525
1.16697
1.16883
1.17062
1.17219
1.17345
1.17438
1.175
1.17534
1.17546
1.1754
1.17519
1.17486
1.17441
1.17383
1.17313
1.17232
1.1714
1.1704
1.16936
1.16832
1.16731
1.16639
1.16558
1.16493
1.16445
1.16418
1.16412
1.16427
1.1646
1.16505
1.16557
1.16612
1.16667
1.16725
1.1679
1.16874
1.16987
1.17136
1.17322
1.17537
1.1777
1.18005
1.18225
1.18417
1.18572
1.18685
1.18751
1.1877
1.18738
1.18653
1.1851
1.18303
1.18025
1.17676
1.17269
1.16834
1.16427
1.16114
1.15951
1.15959
1.16111
1.16349
1.16607
1.16835
1.17004
1.17102
1.17129
1.17083
1.16965
1.16773
1.16517
1.16226
1.15959
1.15804
1.15849
1.16143
1.16659
1.1731
1.17986
1.18596
1.19088
1.1944
1.19655
1.19741
1.19716
1.19597
1.19408
1.19181
1.18958
1.18789
1.18715
1.18764
1.18936
1.19206
1.19535
1.19882
1.20214
1.2051
1.2076
1.2096
1.2111
1.21212
1.21267
1.21279
1.21252
1.2119
1.21102
1.20997
1.20885
1.20777
1.20682
1.20604
1.20545
1.20501
1.2047
1.20447
1.20428
1.20411
1.20393
1.2037
1.20337
1.20299
1.2027
1.20281
1.2037
1.20564
1.2087
1.21265
1.21706
1.2215
1.22562
1.22923
1.23228
1.23479
1.23683
1.23847
1.23978
1.24079
1.24152
1.24197
1.24214
1.24201
1.24158
1.24085
1.23983
1.23857
1.23712
1.23554
1.23392
1.23233
1.23087
1.22959
1.22852
1.22766
1.22697
1.22639
1.22586
1.22532
1.22477
1.22424
1.22379
1.22351
1.22343
1.22357
1.22386
1.22421
1.22453
1.22474
1.2248
1.22473
1.22457
1.22442
1.22437
1.22452
1.22494
1.22567
1.22672
1.22807
1.22968
1.23152
1.23354
1.23569
1.23795
1.24026
1.24257
1.24481
1.24692
1.24884
1.25052
1.25191
1.25298
1.25371
1.25406
1.25402
1.25355
1.25259
1.25108
1.24893
1.24606
1.24247
1.23825
1.23371
1.2294
1.22596
1.22398
1.22372
1.22497
1.22719
1.22978
1.2323
1.23457
1.2366
1.23851
1.2404
1.24234
1.24432
1.24628
1.24815
1.24984
1.25126
1.25238
1.25313
1.25346
1.25333
1.25264
1.25133
1.24931
1.24653
1.24302
1.23889
1.23445
1.23014
1.22645
1.22376
1.2222
1.22166
1.22183
1.22247
1.22341
1.22459
1.22598
1.22748
1.22892
1.23012
1.23091
1.23121
1.23104
1.23051
1.22986
1.22937
1.22932
1.22989
1.2311
1.2328
1.23465
1.23622
1.23707
1.23683
1.23526
1.23238
1.22855
1.22452
1.22127
1.2197
1.22018
1.22239
1.22558
1.229
1.23225
1.23526
1.23822
1.2413
1.24458
1.24794
1.25121
1.25418
1.25668
1.25864
1.26004
1.26091
1.26131
1.26131
1.261
1.26046
1.25977
1.25901
1.25825
1.25755
1.25692
1.25637
1.25589
1.25545
1.25502
1.25461
1.25424
1.25396
1.25384
1.25391
1.25417
1.25457
1.255
1.25536
1.25555
1.25549
1.25522
1.25482
1.2544
1.25407
1.25383
1.25351
1.25286
1.25156
1.24936
1.24625
1.24249
1.23862
1.23541
1.23362
1.23376
1.23596
1.23987
1.24486
1.25021
1.25527
1.2596
1.26295
1.26526
1.26656
1.26692
1.26645
1.26527
1.26353
1.26141
1.25913
1.25695
1.25514
1.25388
1.2533
1.2534
1.25407
1.25519
1.25668
1.25849
1.26059
1.26297
1.26556
1.26823
1.27083
1.27323
1.27528
1.27687
1.2779
1.2783
1.27801
1.27701
1.27529
1.27288
1.26985
1.26631
1.26238
1.25817
1.25379
1.24929
1.24474
1.24024
1.23599
1.23231
1.22961
1.22827
1.22855
1.23045
1.23372
1.23791
1.24248
1.24693
1.2509
1.25418
1.25671
1.25855
1.25979
1.26053
1.26079
1.26058
1.25984
1.25851
1.25653
1.2539
1.25071
1.24713
1.2434
1.23987
1.23685
1.23461
1.2333
1.23292
1.2333
1.23419
1.23531
1.2364
1.23726
1.23776
1.23783
1.23744
1.23661
1.23534
1.23364
1.23154
1.22909
1.22638
1.2236
1.221
1.21888
1.21751
1.21701
1.21732
1.21821
1.21935
1.2204
1.22115
1.22144
1.22125
1.22066
1.21987
1.21921
1.2191
1.21999
1.22213
1.2255
1.22973
1.23429
1.23865
1.24239
1.24532
1.24739
1.24866
1.24925
1.24929
1.2489
1.24818
1.2472
1.24603
1.24468
1.24319
1.24158
1.23989
1.23814
1.2364
1.23474
1.23324
1.23201
1.23116
1.23077
1.23094
1.2317
1.23303
1.23488
1.23713
1.23964
1.24222
1.24469
1.2469
1.2487
1.24998
1.25067
1.25073
1.25018
1.24909
1.24756
1.24576
1.2438
1.24178
1.2397
1.23747
1.23498
1.23215
1.229
1.22569
1.2225
1.21971
1.21761
1.21638
1.21613
1.21693
1.21881
1.22177
1.22572
1.23047
1.23569
1.24099
1.24595
1.25021
1.2535
1.25568
1.25669
1.25658
1.2555
1.25364
1.25124
1.24861
1.24614
1.24432
1.24369
1.24461
1.24712
1.25079
1.25493
1.25884
1.26202
1.26423
1.26548
1.26593
1.26575
1.26515
1.26424
1.26306
1.26156
1.25958
1.25694
1.25347
1.24915
1.24422
1.23922
1.2349
1.23205
1.23112
1.23207
1.23444
1.2376
1.24098
1.24419
1.24698
1.24927
1.25111
1.25262
1.25402
1.25549
1.25715
1.25901
1.26095
1.26277
1.26425
1.2652
1.26547
1.26499
1.26373
1.26174
1.25911
1.25596
1.25247
1.24882
1.24518
1.24171
1.23851
1.2357
1.23336
1.23159
1.23048
1.23011
1.23052
1.23171
1.23361
1.23613
1.23913
1.2424
1.2457
1.24873
1.25122
1.25289
1.25354
1.25302
1.25133
1.24861
1.24524
1.24177
1.23889
1.23719
1.23692
1.23794
1.23976
1.2418
1.24354
1.24466
1.24499
1.24448
1.24316
1.2411
1.23843
1.23531
1.232
1.2288
1.22604
1.22397
1.22269
1.22215
1.22214
1.22239
1.22266
1.2228
1.22275
1.22259
1.22243
1.22242
1.22266
1.22319
1.22394
1.2248
1.22559
1.22616
1.22635
1.22605
1.22521
1.22382
1.22189
1.21954
1.21692
1.21425
1.21183
1.20998
1.20894
1.20888
1.20976
1.21141
1.21357
1.21592
1.21822
1.22028
1.22198
1.22326
1.22412
1.22456
1.22458
1.2242
1.22341
1.22223
1.22066
1.21873
1.21648
1.21398
1.21133
1.20869
1.20623
1.20413
1.20259
1.20177
1.20176
1.20256
1.20411
1.20626
1.20881
1.21158
1.21437
1.21706
1.21954
1.22176
1.22368
1.22531
1.22664
1.22768
1.22842
1.22887
1.22901
1.22884
1.22834
1.22749
1.22626
1.22463
1.22261
1.22018
1.21739
1.21432
1.21108
1.20786
1.20488
1.20235
1.20047
1.19932
1.1989
1.19908
1.19968
1.20047
1.20125
1.20185
1.20217
1.20214
1.20178
1.20113
1.2003
1.19942
1.19861
1.19799
1.19763
1.19753
1.19766
1.19793
1.19824
1.19851
1.19867
1.19873
1.19871
1.19866
1.19867
1.19881
1.19916
1.19974
1.20056
1.2016
1.20281
1.20411
1.20545
1.20676
1.20797
1.20903
1.20992
1.21061
1.21107
1.21129
1.21125
1.21093
1.21031
1.20935
1.20802
1.20625
1.20399
1.20118
1.19775
1.19375
1.18932
1.18481
1.18078
1.17783
1.17637
1.17644
1.17759
1.17912
1.18034
1.1808
1.18037
1.17924
1.17777
1.17636
1.17531
1.17471
1.17448
1.17443
1.17441
1.17436
1.17433
1.17441
1.17465
1.175
1.17535
1.17557
1.17559
1.17546
1.17536
1.17557
1.17633
1.17775
1.1797
1.18189
1.18396
1.18559
1.18657
1.18684
1.18646
1.18558
1.1844
1.18313
1.18194
1.18096
1.18025
1.17984
1.17971
1.17982
1.18014
1.18063
1.18128
1.18207
1.18302
1.18415
1.18545
1.18693
1.18851
1.19012
1.19164
1.19297
1.19401
1.1947
1.19503
1.19504
1.19477
1.19434
1.19383
1.19335
1.19297
1.19277
1.19276
1.19292
1.19322
1.19357
1.19389
1.19409
1.19411
