1.78921
1.78445
1.77984
1.77585
1.77285
1.77102
1.77035
1.77066
1.77169
1.77322
1.77501
1.77687
1.77859
1.77997
1.78081
1.78095
1.78036
1.77914
1.77754
1.77595
1.77479
1.7744
1.77496
1.77644
1.77861
1.78117
1.78374
1.78603
1.78779
1.78888
1.78929
1.78913
1.7886
1.78799
1.78763
1.78781
1.78873
1.79048
1.79302
1.79619
1.79977
1.80346
1.80697
1.81
1.81228
1.81358
1.8137
1.81252
1.81006
1.80649
1.8022
1.7978
1.79401
1.79144
1.7904
1.79074
1.79194
1.79336
1.79443
1.79486
1.79458
1.79377
1.79266
1.79153
1.79057
1.78991
1.78957
1.7896
1.79003
1.79095
1.79253
1.79491
1.79815
1.80216
1.8067
1.81136
1.8157
1.81929
1.82176
1.8228
1.82217
1.81969
1.81519
1.80864
1.80014
1.79011
1.77941
1.76941
1.76174
1.75783
1.75832
1.7628
1.77011
1.77887
1.78795
1.79661
1.80448
1.81141
1.81736
1.82235
1.82639
1.8295
1.8317
1.83299
1.83337
1.83282
1.83137
1.8291
1.82617
1.82284
1.81951
1.81661
1.81452
1.81342
1.81321
1.81351
1.81373
1.81322
1.81136
1.8076
1.80153
1.79279
1.78123
1.76695
1.75061
1.73364
1.71847
1.70821
1.7056
1.71166
1.72502
1.74255
1.76082
1.77714
1.79008
1.79919
1.8047
1.80713
1.80712
1.80531
1.80227
1.7985
1.79443
1.79046
1.78689
1.78396
1.78179
1.7804
1.7797
1.77953
1.77967
1.77992
1.78011
1.78014
1.77996
1.77956
1.77898
1.77826
1.77744
1.77655
1.77564
1.77474
1.77395
1.77335
1.77305
1.77313
1.77366
1.77465
1.77607
1.77784
1.77984
1.78194
1.78401
1.78591
1.78752
1.78875
1.78952
1.78978
1.78948
1.78861
1.78718
1.7852
1.78274
1.77984
1.77656
1.77297
1.7691
1.76502
1.76078
1.75655
1.75253
1.74905
1.74645
1.74501
1.74485
1.74589
1.74787
1.75045
1.75325
1.75593
1.75829
1.76018
1.76158
1.7625
1.76301
1.76318
1.76309
1.76279
1.76229
1.76161
1.76075
1.7597
1.75848
1.7571
1.75561
1.75404
1.75248
1.75097
1.74958
1.74837
1.74739
1.74668
1.74627
1.74619
1.74641
1.74689
1.74757
1.74836
1.74919
1.75001
1.75087
1.75185
1.75311
1.75481
1.75704
1.75983
1.76306
1.76656
1.77007
1.77337
1.77626
1.77859
1.78027
1.78127
1.78155
1.78107
1.7798
1.77766
1.77454
1.77038
1.76514
1.75903
1.75251
1.74641
1.74171
1.73927
1.73938
1.74166
1.74523
1.74911
1.75253
1.75506
1.75653
1.75693
1.75625
1.75447
1.75159
1.74775
1.74338
1.73938
1.73705
1.73774
1.74215
1.74989
1.75965
1.76978
1.77894
1.78632
1.7916
1.79482
1.79612
1.79574
1.79395
1.79112
1.78771
1.78438
1.78183
1.78072
1.78146
1.78404
1.78809
1.79303
1.79823
1.80321
1.80766
1.8114
1.8144
1.81665
1.81817
1.81901
1.81919
1.81878
1.81786
1.81653
1.81495
1.81327
1.81166
1.81023
1.80906
1.80817
1.80752
1.80705
1.8067
1.80642
1.80617
1.8059
1.80555
1.80506
1.80448
1.80405
1.80422
1.80554
1.80846
1.81305
1.81897
1.82559
1.83225
1.83843
1.84385
1.84841
1.85218
1.85524
1.85771
1.85967
1.86119
1.86228
1.86296
1.86321
1.86301
1.86237
1.86127
1.85975
1.85786
1.85568
1.85331
1.85087
1.8485
1.84631
1.84438
1.84278
1.84148
1.84045
1.83958
1.83878
1.83798
1.83715
1.83635
1.83569
1.83526
1.83515
1.83535
1.83578
1.83631
1.8368
1.83711
1.8372
1.83709
1.83685
1.83663
1.83655
1.83678
1.83741
1.8385
1.84008
1.8421
1.84452
1.84728
1.8503
1.85354
1.85693
1.86039
1.86385
1.86721
1.87038
1.87326
1.87578
1.87787
1.87948
1.88056
1.88109
1.88103
1.88033
1.87889
1.87662
1.8734
1.8691
1.8637
1.85737
1.85057
1.84409
1.83894
1.83598
1.83558
1.83745
1.84078
1.84466
1.84845
1.85186
1.85491
1.85776
1.8606
1.86351
1.86648
1.86943
1.87223
1.87475
1.8769
1.87857
1.87969
1.8802
1.87999
1.87896
1.87699
1.87397
1.8698
1.86452
1.85833
1.85168
1.84521
1.83968
1.83564
1.83331
1.83248
1.83275
1.8337
1.83511
1.83689
1.83897
1.84122
1.84338
1.84518
1.84637
1.84682
1.84656
1.84576
1.84479
1.84405
1.84398
1.84483
1.84665
1.8492
1.85197
1.85433
1.85561
1.85524
1.85289
1.84857
1.84282
1.83677
1.83191
1.82955
1.83027
1.83358
1.83837
1.84351
1.84837
1.85289
1.85733
1.86196
1.86687
1.87192
1.87682
1.88127
1.88502
1.88796
1.89006
1.89137
1.89196
1.89197
1.8915
1.89069
1.88966
1.88852
1.88738
1.88632
1.88538
1.88456
1.88384
1.88317
1.88253
1.88191
1.88136
1.88094
1.88076
1.88086
1.88125
1.88185
1.88251
1.88305
1.88332
1.88324
1.88283
1.88223
1.88161
1.88111
1.88074
1.88027
1.87929
1.87734
1.87405
1.86938
1.86373
1.85793
1.85312
1.85043
1.85065
1.85394
1.8598
1.86729
1.87531
1.8829
1.8894
1.89443
1.89789
1.89983
1.90037
1.89967
1.89791
1.8953
1.89212
1.8887
1.88543
1.8827
1.88082
1.87996
1.88009
1.8811
1.88279
1.88502
1.88773
1.89089
1.89446
1.89833
1.90234
1.90625
1.90985
1.91292
1.9153
1.91685
1.91745
1.91702
1.91551
1.91293
1.90932
1.90478
1.89947
1.89357
1.88726
1.88069
1.87394
1.86711
1.86036
1.85398
1.84847
1.84442
1.84241
1.84282
1.84567
1.85058
1.85687
1.86373
1.8704
1.87635
1.88126
1.88507
1.88783
1.88969
1.89079
1.89118
1.89087
1.88976
1.88776
1.88479
1.88085
1.87607
1.87069
1.86511
1.8598
1.85527
1.85192
1.84996
1.84938
1.84994
1.85128
1.85296
1.85459
1.85588
1.85663
1.85674
1.85617
1.85492
1.85301
1.85046
1.84732
1.84364
1.83958
1.8354
1.8315
1.82832
1.82626
1.82551
1.82598
1.82732
1.82902
1.83061
1.83172
1.83215
1.83187
1.83098
1.8298
1.82881
1.82866
1.82999
1.8332
1.83824
1.84459
1.85144
1.85797
1.86359
1.86798
1.87108
1.87299
1.87387
1.87393
1.87335
1.87227
1.87081
1.86904
1.86702
1.86479
1.86238
1.85983
1.85721
1.8546
1.8521
1.84986
1.84802
1.84674
1.84616
1.84641
1.84754
1.84954
1.85232
1.8557
1.85946
1.86332
1.86704
1.87035
1.87305
1.87497
1.876
1.8761
1.87527
1.87363
1.87135
1.86864
1.8657
1.86268
1.85955
1.85621
1.85247
1.84822
1.8435
1.83854
1.83374
1.82957
1.82641
1.82457
1.8242
1.8254
1.82822
1.83265
1.83858
1.8457
1.85354
1.86148
1.86892
1.87531
1.88026
1.88352
1.88503
1.88488
1.88325
1.88046
1.87686
1.87292
1.86921
1.86648
1.86553
1.86692
1.87067
1.87618
1.8824
1.88826
1.89303
1.89634
1.89823
1.89889
1.89863
1.89772
1.89636
1.8946
1.89234
1.88938
1.88541
1.8802
1.87373
1.86634
1.85882
1.85235
1.84808
1.84668
1.8481
1.85166
1.8564
1.86148
1.86628
1.87047
1.87391
1.87666
1.87893
1.88103
1.88323
1.88573
1.88851
1.89142
1.89415
1.89638
1.8978
1.89821
1.89749
1.8956
1.89261
1.88866
1.88394
1.87871
1.87323
1.86777
1.86256
1.85777
1.85355
1.85004
1.84739
1.84572
1.84516
1.84578
1.84756
1.85042
1.8542
1.8587
1.8636
1.86854
1.8731
1.87683
1.87934
1.8803
1.87953
1.87699
1.87292
1.86786
1.86266
1.85834
1.85578
1.85538
1.85691
1.85964
1.8627
1.86531
1.86699
1.86748
1.86672
1.86474
1.86166
1.85764
1.85297
1.848
1.84321
1.83907
1.83595
1.83404
1.83323
1.83322
1.83359
1.83399
1.83419
1.83413
1.83388
1.83365
1.83364
1.834
1.83478
1.83591
1.83719
1.83839
1.83924
1.83952
1.83908
1.83782
1.83572
1.83284
1.82931
1.82537
1.82138
1.81775
1.81497
1.81341
1.81331
1.81463
1.81712
1.82035
1.82389
1.82734
1.83042
1.83296
1.83489
1.83618
1.83684
1.83687
1.8363
1.83512
1.83335
1.831
1.8281
1.82472
1.82097
1.817
1.81304
1.80934
1.8062
1.80389
1.80266
1.80264
1.80384
1.80617
1.80939
1.81322
1.81736
1.82156
1.82559
1.82931
1.83264
1.83553
1.83797
1.83996
1.84151
1.84263
1.8433
1.84352
1.84327
1.84251
1.84123
1.83939
1.83695
1.83391
1.83027
1.82609
1.82148
1.81662
1.81179
1.80732
1.80353
1.8007
1.79898
1.79834
1.79862
1.79951
1.8007
1.80187
1.80278
1.80325
1.80321
1.80266
1.8017
1.80045
1.79912
1.79791
1.79698
1.79644
1.7963
1.7965
1.7969
1.79736
1.79776
1.79801
1.7981
1.79806
1.79799
1.79801
1.79822
1.79874
1.79961
1.80084
1.8024
1.80421
1.80617
1.80818
1.81013
1.81195
1.81355
1.81488
1.81591
1.81661
1.81694
1.81688
1.8164
1.81546
1.81402
1.81202
1.80938
1.80599
1.80177
1.79663
1.79062
1.78398
1.77722
1.77117
1.76674
1.76456
1.76466
1.76639
1.76869
1.77051
1.7712
1.77056
1.76886
1.76665
1.76454
1.76296
1.76207
1.76173
1.76165
1.76161
1.76154
1.76149
1.76162
1.76197
1.7625
1.76303
1.76336
1.76339
1.76319
1.76304
1.76336
1.7645
1.76662
1.76954
1.77283
1.77595
1.77839
1.77986
1.78026
1.77969
1.77837
1.7766
1.7747
1.77291
1.77144
1.77038
1.76976
1.76956
1.76973
1.77021
1.77095
1.77191
1.7731
1.77453
1.77622
1.77818
1.78039
1.78276
1.78518
1.78746
1.78945
1.79101
1.79205
1.79255
1.79255
1.79216
1.7915
1.79074
1.79002
1.78946
1.78915
1.78913
1.78938
1.78983
1.79036
1.79084
1.79114
1.79116
