-0.382155
-0.377396
-0.372776
-0.368783
-0.365787
-0.363976
-0.363308
-0.363615
-0.364651
-0.366169
-0.36796
-0.369818
-0.371547
-0.372924
-0.373759
-0.3739
-0.373312
-0.37208
-0.370496
-0.368915
-0.367752
-0.367355
-0.367918
-0.369397
-0.371574
-0.374126
-0.376701
-0.378984
-0.380747
-0.381838
-0.382251
-0.382087
-0.38156
-0.380959
-0.380592
-0.380773
-0.381695
-0.38345
-0.385994
-0.38917
-0.392737
-0.39643
-0.399937
-0.40297
-0.405252
-0.406552
-0.40667
-0.405491
-0.403039
-0.39947
-0.39519
-0.390798
-0.386999
-0.384423
-0.383378
-0.383723
-0.38493
-0.38635
-0.387422
-0.387854
-0.387575
-0.386754
-0.385648
-0.384514
-0.38355
-0.382879
-0.382538
-0.38257
-0.382998
-0.383915
-0.38551
-0.38789
-0.391131
-0.395151
-0.399682
-0.404349
-0.408693
-0.412282
-0.414745
-0.41579
-0.415173
-0.412684
-0.40819
-0.401641
-0.393134
-0.383107
-0.372412
-0.362411
-0.354738
-0.350838
-0.351335
-0.355809
-0.363118
-0.371882
-0.380956
-0.389615
-0.397488
-0.404416
-0.410371
-0.415361
-0.419401
-0.422516
-0.424708
-0.425997
-0.42636
-0.425818
-0.424364
-0.422096
-0.419149
-0.415824
-0.412489
-0.409579
-0.407487
-0.406394
-0.406184
-0.40649
-0.40671
-0.406203
-0.404346
-0.400596
-0.394513
-0.385779
-0.374218
-0.359927
-0.343583
-0.326605
-0.311437
-0.301167
-0.298552
-0.304618
-0.317975
-0.335519
-0.353781
-0.370111
-0.383051
-0.392167
-0.397667
-0.400098
-0.400089
-0.398278
-0.395232
-0.391456
-0.387405
-0.383426
-0.379856
-0.376913
-0.374744
-0.373362
-0.372667
-0.372489
-0.372639
-0.372889
-0.373083
-0.373115
-0.372922
-0.37253
-0.371952
-0.371235
-0.370415
-0.369522
-0.368609
-0.367715
-0.36692
-0.366315
-0.366016
-0.366099
-0.366624
-0.367618
-0.369033
-0.370797
-0.372779
-0.374887
-0.376951
-0.378853
-0.380467
-0.381694
-0.382455
-0.382721
-0.382421
-0.381551
-0.380111
-0.378141
-0.375676
-0.37277
-0.36951
-0.365919
-0.362052
-0.357968
-0.353736
-0.349498
-0.345477
-0.341998
-0.339395
-0.33795
-0.337796
-0.338844
-0.340845
-0.343421
-0.346213
-0.348908
-0.351252
-0.353144
-0.354536
-0.355464
-0.355977
-0.356167
-0.356076
-0.355764
-0.355254
-0.354575
-0.353721
-0.352677
-0.351457
-0.350081
-0.348581
-0.347016
-0.345446
-0.343933
-0.342548
-0.341335
-0.340354
-0.339637
-0.339239
-0.339155
-0.339379
-0.339874
-0.340558
-0.341351
-0.342182
-0.342994
-0.343843
-0.344826
-0.346083
-0.347774
-0.349995
-0.352788
-0.356022
-0.35951
-0.363031
-0.366325
-0.369224
-0.371557
-0.373253
-0.374242
-0.374519
-0.374047
-0.372779
-0.370628
-0.367511
-0.363342
-0.358108
-0.351992
-0.34547
-0.339366
-0.334671
-0.332232
-0.332346
-0.334633
-0.338208
-0.342089
-0.345502
-0.348034
-0.349506
-0.349901
-0.349222
-0.347449
-0.344573
-0.340737
-0.336363
-0.332356
-0.330023
-0.330713
-0.33512
-0.342853
-0.352615
-0.362754
-0.371909
-0.379278
-0.384576
-0.387795
-0.389096
-0.388718
-0.386928
-0.384086
-0.380692
-0.377358
-0.374807
-0.373691
-0.37443
-0.377007
-0.381058
-0.385998
-0.391196
-0.396183
-0.400625
-0.404366
-0.407358
-0.409613
-0.411125
-0.411959
-0.412153
-0.411735
-0.410825
-0.409507
-0.407923
-0.406251
-0.404636
-0.403202
-0.40203
-0.401135
-0.400486
-0.400023
-0.399684
-0.399402
-0.399153
-0.398885
-0.398526
-0.398035
-0.397465
-0.397029
-0.39719
-0.398511
-0.401429
-0.40602
-0.411933
-0.418565
-0.425228
-0.431408
-0.436818
-0.441383
-0.445149
-0.448214
-0.450686
-0.452647
-0.454165
-0.455254
-0.455931
-0.456182
-0.45599
-0.45534
-0.45425
-0.452727
-0.450831
-0.448642
-0.446277
-0.443845
-0.441485
-0.439291
-0.437371
-0.435768
-0.43447
-0.433441
-0.432572
-0.431768
-0.430956
-0.430128
-0.429342
-0.428678
-0.428271
-0.428171
-0.428367
-0.428801
-0.429316
-0.429797
-0.430112
-0.43021
-0.430101
-0.429869
-0.429632
-0.429562
-0.429784
-0.430422
-0.431522
-0.433101
-0.43513
-0.437546
-0.440302
-0.443339
-0.446582
-0.449965
-0.453429
-0.456884
-0.460241
-0.463405
-0.466273
-0.46879
-0.470875
-0.472481
-0.473579
-0.474122
-0.474052
-0.473349
-0.471923
-0.469655
-0.466424
-0.462128
-0.456742
-0.450418
-0.443616
-0.437139
-0.431976
-0.429016
-0.428616
-0.430482
-0.433794
-0.43768
-0.441456
-0.444875
-0.447926
-0.450778
-0.453615
-0.456524
-0.459499
-0.46245
-0.465252
-0.467778
-0.469917
-0.471592
-0.47272
-0.473213
-0.472992
-0.471965
-0.469997
-0.466972
-0.4628
-0.457525
-0.451332
-0.444666
-0.438201
-0.432663
-0.428628
-0.426289
-0.425475
-0.425739
-0.426691
-0.428104
-0.429892
-0.431983
-0.434234
-0.436396
-0.438197
-0.439388
-0.439836
-0.439567
-0.43877
-0.437788
-0.437052
-0.436975
-0.437823
-0.439639
-0.442179
-0.444951
-0.447314
-0.44859
-0.448222
-0.445858
-0.441528
-0.435793
-0.429751
-0.424882
-0.422523
-0.42324
-0.426553
-0.431345
-0.436481
-0.44135
-0.445863
-0.450296
-0.45492
-0.459831
-0.464881
-0.469791
-0.474243
-0.47799
-0.480933
-0.483032
-0.484335
-0.484938
-0.484938
-0.484471
-0.483662
-0.482618
-0.481483
-0.480343
-0.479288
-0.478346
-0.477521
-0.476807
-0.476139
-0.475497
-0.474875
-0.474318
-0.473907
-0.47372
-0.47382
-0.474208
-0.474802
-0.475462
-0.475994
-0.47627
-0.4762
-0.4758
-0.475202
-0.474581
-0.47409
-0.47372
-0.473244
-0.472269
-0.470312
-0.467025
-0.462367
-0.456715
-0.450914
-0.446101
-0.443396
-0.443624
-0.446913
-0.452783
-0.460268
-0.468288
-0.475876
-0.48238
-0.487411
-0.490874
-0.492808
-0.493356
-0.492646
-0.490878
-0.488265
-0.485085
-0.481662
-0.478393
-0.475661
-0.473782
-0.472911
-0.473051
-0.474057
-0.475753
-0.477984
-0.4807
-0.483861
-0.487433
-0.491308
-0.495309
-0.499218
-0.502818
-0.505898
-0.508275
-0.509814
-0.510407
-0.509987
-0.508489
-0.50591
-0.502287
-0.497757
-0.49245
-0.486548
-0.480243
-0.473668
-0.466924
-0.4601
-0.453352
-0.446983
-0.441473
-0.437418
-0.435416
-0.435826
-0.438675
-0.443586
-0.44987
-0.456729
-0.463408
-0.469365
-0.474278
-0.478082
-0.480845
-0.482718
-0.483821
-0.484224
-0.483904
-0.482805
-0.480803
-0.477832
-0.473894
-0.469106
-0.463734
-0.458145
-0.452838
-0.448303
-0.444944
-0.442991
-0.442406
-0.442977
-0.444304
-0.445986
-0.447623
-0.448911
-0.449661
-0.449777
-0.449206
-0.447946
-0.44604
-0.443486
-0.440339
-0.436655
-0.432599
-0.42841
-0.424507
-0.42133
-0.419267
-0.418516
-0.418984
-0.420313
-0.422022
-0.423619
-0.424739
-0.425173
-0.424892
-0.424005
-0.422814
-0.421825
-0.421667
-0.422989
-0.426203
-0.431251
-0.437596
-0.44443
-0.450964
-0.456583
-0.460976
-0.464077
-0.465984
-0.466868
-0.466926
-0.466337
-0.465253
-0.463788
-0.462018
-0.459994
-0.45776
-0.455348
-0.452793
-0.450178
-0.447568
-0.44507
-0.44282
-0.440973
-0.439694
-0.439116
-0.439362
-0.440494
-0.442497
-0.445274
-0.448654
-0.452407
-0.456276
-0.459981
-0.46329
-0.46599
-0.467909
-0.468938
-0.469024
-0.468199
-0.466553
-0.464265
-0.46155
-0.458615
-0.455585
-0.452459
-0.449115
-0.445377
-0.441137
-0.436413
-0.431447
-0.426667
-0.422492
-0.419336
-0.417493
-0.417127
-0.418328
-0.421144
-0.425584
-0.431509
-0.438636
-0.446469
-0.454425
-0.461858
-0.468248
-0.473187
-0.47646
-0.477973
-0.477821
-0.476195
-0.473412
-0.469819
-0.465872
-0.462158
-0.459438
-0.458475
-0.459867
-0.463637
-0.469156
-0.475365
-0.481228
-0.485992
-0.489316
-0.491189
-0.491849
-0.491587
-0.490682
-0.489319
-0.487562
-0.485314
-0.482352
-0.478387
-0.473176
-0.466693
-0.459286
-0.451767
-0.445299
-0.44101
-0.439608
-0.441028
-0.444581
-0.449318
-0.454397
-0.459207
-0.463403
-0.466841
-0.469585
-0.471856
-0.473948
-0.476161
-0.478652
-0.48143
-0.484341
-0.487073
-0.489292
-0.49073
-0.491147
-0.490417
-0.488533
-0.48554
-0.48158
-0.476865
-0.471649
-0.466168
-0.460721
-0.4555
-0.450704
-0.446487
-0.44298
-0.440322
-0.438656
-0.438104
-0.438725
-0.440503
-0.443364
-0.447139
-0.45165
-0.45656
-0.461499
-0.466059
-0.469795
-0.472292
-0.473261
-0.472485
-0.469947
-0.46588
-0.460809
-0.45562
-0.451309
-0.448748
-0.448347
-0.449869
-0.452605
-0.455652
-0.458257
-0.459939
-0.460424
-0.459671
-0.457687
-0.454613
-0.450599
-0.445925
-0.440956
-0.43616
-0.432019
-0.428896
-0.426978
-0.426173
-0.426171
-0.426535
-0.42695
-0.427142
-0.427078
-0.426835
-0.426607
-0.426585
-0.42695
-0.427737
-0.428869
-0.430169
-0.431366
-0.432212
-0.432501
-0.432069
-0.430799
-0.4287
-0.425822
-0.42229
-0.418343
-0.41434
-0.410715
-0.407929
-0.406375
-0.406278
-0.407614
-0.410093
-0.413321
-0.416857
-0.420311
-0.423405
-0.425945
-0.427867
-0.429159
-0.429821
-0.429851
-0.429282
-0.428103
-0.426331
-0.423979
-0.421088
-0.417713
-0.413972
-0.410009
-0.406042
-0.402348
-0.399205
-0.396904
-0.395661
-0.395646
-0.396848
-0.399171
-0.402398
-0.406233
-0.410378
-0.414582
-0.418615
-0.422336
-0.42565
-0.42854
-0.430989
-0.432992
-0.434531
-0.43565
-0.436325
-0.436539
-0.436279
-0.435521
-0.434244
-0.432407
-0.429972
-0.426931
-0.42329
-0.41911
-0.414499
-0.409642
-0.404819
-0.400343
-0.396554
-0.393739
-0.392018
-0.39138
-0.391671
-0.392561
-0.393747
-0.394909
-0.395819
-0.396287
-0.396242
-0.395693
-0.394721
-0.393477
-0.392142
-0.390932
-0.390007
-0.389462
-0.38932
-0.389515
-0.389919
-0.390381
-0.390779
-0.391027
-0.39111
-0.391071
-0.391004
-0.391021
-0.391235
-0.39174
-0.392609
-0.393849
-0.395404
-0.397214
-0.399174
-0.401186
-0.403139
-0.404956
-0.40656
-0.407881
-0.408915
-0.40961
-0.409942
-0.409879
-0.409405
-0.408463
-0.407021
-0.405012
-0.402367
-0.398986
-0.394763
-0.389631
-0.38363
-0.376986
-0.370228
-0.364177
-0.359747
-0.357572
-0.357667
-0.359404
-0.361702
-0.363529
-0.364208
-0.363563
-0.361862
-0.359645
-0.35752
-0.355937
-0.355038
-0.354701
-0.35462
-0.354574
-0.3545
-0.354465
-0.354587
-0.354954
-0.355484
-0.356008
-0.356344
-0.356369
-0.356163
-0.356017
-0.356326
-0.357468
-0.35958
-0.362507
-0.365798
-0.368919
-0.371361
-0.37283
-0.373231
-0.372651
-0.371333
-0.369565
-0.367666
-0.365881
-0.364402
-0.363337
-0.362727
-0.362536
-0.362702
-0.363185
-0.363922
-0.364884
-0.366075
-0.36751
-0.369204
-0.371168
-0.373376
-0.375749
-0.378169
-0.38046
-0.382458
-0.384
-0.385034
-0.385535
-0.385545
-0.385146
-0.384484
-0.383733
-0.383007
-0.382444
-0.382135
-0.382123
-0.382373
-0.382817
-0.383342
-0.383819
-0.384118
-0.384133
