0.96
0.960002
0.960007
0.960015
0.960027
0.960042
0.960061
0.960083
0.960108
0.960137
0.960169
0.960204
0.960243
0.960285
0.960331
0.96038
0.960433
0.960489
0.960549
0.960613
0.96068
0.960751
0.960826
0.960905
0.960988
0.961075
0.961166
0.961262
0.961361
0.961465
0.961573
0.961685
0.961802
0.961924
0.96205
0.962181
0.962317
0.962457
0.962603
0.962753
0.962909
0.963071
0.963237
0.96341
0.963588
0.963772
0.963962
0.964158
0.964361
0.96457
0.964786
0.965009
0.965239
0.965476
0.965721
0.965974
0.966236
0.966505
0.966784
0.967071
0.967368
0.967674
0.967991
0.968317
0.968655
0.969004
0.969365
0.969738
0.970124
0.970523
0.970935
0.971362
0.971804
0.972262
0.972735
0.973226
0.973735
0.974263
0.97481
0.975378
0.975968
0.97658
0.977216
0.977877
0.978564
0.979279
0.980023
0.980797
0.981604
0.982445
0.983321
0.984235
0.985188
0.986183
0.987222
0.988307
0.98944
0.990624
0.991861
0.993153
0.994502
0.995912
0.997383
0.998917
1.00051
1.00218
1.0039
1.00569
1.00753
1.00943
1.01137
1.01333
1.0153
1.01725
1.01915
1.02095
1.0226
1.02401
1.02512
1.02582
1.02602
1.02562
1.02456
1.02285
1.02057
1.01795
1.01535
1.01321
1.01199
1.01204
1.01352
1.01636
1.02028
1.02488
1.02969
1.03427
1.03823
1.04132
1.04346
1.04475
1.04549
1.04615
1.04726
1.04927
1.0524
1.05659
1.06148
1.06657
1.07134
1.0754
1.07846
1.08044
1.08137
1.08139
1.0807
1.07955
1.0782
1.07682
1.07555
1.07441
1.07337
1.07237
1.07137
1.07034
1.06927
1.06816
1.06702
1.06594
1.06507
1.06466
1.06497
1.06619
1.0684
1.07153
1.07542
1.07986
1.08462
1.08945
1.09409
1.0983
1.10187
1.10464
1.10651
1.10749
1.10764
1.10709
1.10606
1.10478
1.10351
1.10251
1.10197
1.10204
1.10277
1.1041
1.10594
1.10811
1.11042
1.11269
1.11477
1.11656
1.118
1.11909
1.11988
1.12046
1.12091
1.12132
1.12174
1.12218
1.12262
1.12302
1.12335
1.12359
1.12374
1.12385
1.12395
1.1241
1.12433
1.12464
1.12503
1.12547
1.12594
1.12641
1.12688
1.12736
1.12789
1.12849
1.1292
1.13005
1.13104
1.13216
1.13338
1.13467
1.13596
1.13721
1.13836
1.13936
1.14015
1.1407
1.14097
1.14094
1.14059
1.13994
1.13901
1.13787
1.1366
1.13535
1.13429
1.13357
1.13334
1.13365
1.13448
1.13571
1.13716
1.13861
1.13986
1.14071
1.14103
1.14072
1.13973
1.1381
1.13594
1.13345
1.13093
1.12877
1.12737
1.1271
1.12817
1.13061
1.1342
1.13851
1.14305
1.1473
1.15078
1.15308
1.15388
1.15296
1.15026
1.14597
1.14067
1.13535
1.13132
1.12974
1.13117
1.13528
1.14104
1.14717
1.1526
1.15665
1.159
1.15955
1.15836
1.1556
1.15151
1.14642
1.14075
1.13499
1.12962
1.12507
1.12162
1.11947
1.11871
1.11937
1.12137
1.1245
1.12841
1.13269
1.13696
1.14095
1.14449
1.14753
1.15008
1.15221
1.15398
1.15545
1.15667
1.15769
1.15856
1.15928
1.1599
1.16041
1.16083
1.16118
1.16146
1.16168
1.16183
1.1619
1.16189
1.16178
1.16152
1.1611
1.16046
1.15954
1.15827
1.15657
1.15435
1.15151
1.14798
1.14375
1.13894
1.13384
1.12894
1.12487
1.12225
1.12143
1.12236
1.12461
1.12755
1.13059
1.1333
1.13548
1.13709
1.13823
1.13903
1.13965
1.14022
1.14082
1.1415
1.14224
1.14297
1.14362
1.14405
1.14417
1.14389
1.1432
1.14216
1.14092
1.13972
1.13883
1.13845
1.13871
1.13958
1.14095
1.14263
1.14442
1.14618
1.14779
1.14921
1.15038
1.15128
1.15191
1.15226
1.15233
1.15212
1.15166
1.15094
1.15
1.14886
1.14755
1.14614
1.14465
1.14316
1.1417
1.14031
1.13898
1.1377
1.13638
1.13492
1.13318
1.13104
1.12837
1.12515
1.12146
1.1175
1.11354
1.1099
1.10678
1.10427
1.10237
1.10104
1.10035
1.10045
1.10145
1.10337
1.10607
1.10936
1.11303
1.11693
1.12093
1.12485
1.12851
1.13172
1.13431
1.13622
1.13744
1.13805
1.13817
1.13793
1.13747
1.13688
1.13622
1.13549
1.13464
1.1336
1.1323
1.13065
1.12859
1.12613
1.12332
1.1203
1.11728
1.11452
1.11225
1.11062
1.10972
1.10956
1.11012
1.1114
1.11336
1.1159
1.11882
1.12188
1.12483
1.12746
1.12961
1.13123
1.13231
1.13289
1.13301
1.13275
1.13216
1.13129
1.13018
1.12887
1.1274
1.12581
1.12413
1.12242
1.12077
1.11926
1.11802
1.11715
1.11677
1.11693
1.11762
1.11879
1.12032
1.12208
1.12394
1.12579
1.12754
1.12916
1.1306
1.13189
1.133
1.13397
1.13479
1.13547
1.13601
1.13642
1.13668
1.13678
1.1367
1.13644
1.13598
1.13532
1.13445
1.1334
1.13221
1.13097
1.12979
1.12878
1.12811
1.12788
1.12818
1.12901
1.13029
1.13189
1.13363
1.13531
1.13675
1.13781
1.13837
1.13837
1.13777
1.13657
1.1348
1.13254
1.12992
1.12709
1.12427
1.12169
1.11961
1.11825
1.11779
1.11834
1.11986
1.12226
1.12533
1.12882
1.13245
1.13597
1.13918
1.1419
1.14405
1.14554
1.14635
1.14651
1.14603
1.145
1.14353
1.14176
1.13985
1.138
1.13637
1.13513
1.13437
1.13414
1.13443
1.13516
1.13625
1.1376
1.1391
1.14063
1.14211
1.14346
1.14462
1.14557
1.14628
1.14676
1.14705
1.14718
1.1472
1.14716
1.14709
1.14703
1.14697
1.14691
1.14682
1.14667
1.14642
1.14603
1.14549
1.14479
1.14394
1.14297
1.14194
1.14092
1.14001
1.13928
1.13881
1.13866
1.13884
1.13931
1.14002
1.14089
1.14181
1.1427
1.14347
1.14406
1.14438
1.14435
1.14387
1.14286
1.14123
1.13902
1.13631
1.13338
1.13061
1.12845
1.1273
1.12741
1.12878
1.13116
1.13415
1.13731
1.14025
1.14271
1.14461
1.14595
1.14685
1.14749
1.14804
1.14862
1.14932
1.15012
1.15096
1.15172
1.15229
1.15258
1.15256
1.15228
1.15186
1.15151
1.15139
1.15165
1.15232
1.15332
1.1545
1.15563
1.15653
1.15706
1.15713
1.15671
1.1558
1.15443
1.15263
1.15047
1.14801
1.14536
1.14264
1.13996
1.13746
1.13525
1.13343
1.13211
1.13135
1.1312
1.13162
1.13245
1.13347
1.13441
1.13504
1.13522
1.13488
1.13406
1.13286
1.13142
1.12992
1.1285
1.12731
1.12646
1.12602
1.12601
1.12641
1.12717
1.1282
1.12941
1.13069
1.13194
1.13309
1.13408
1.13487
1.13546
1.13584
1.13604
1.13606
1.13595
1.13571
1.13537
1.13496
1.13449
1.13396
1.13339
1.13276
1.13208
1.1313
1.1304
1.12932
1.128
1.12637
1.1244
1.12206
1.11943
1.11674
1.11431
1.11259
1.11197
1.11267
1.11455
1.1172
1.12004
1.12247
1.12403
1.12446
1.12369
1.12183
1.1192
1.11626
1.11358
1.11171
1.11108
1.11185
1.11393
1.11702
1.12071
1.12462
1.12844
1.13194
1.135
1.13754
1.13949
1.14081
1.14145
1.14133
1.14041
1.13867
1.13623
1.13332
1.13039
1.12798
1.12661
1.12655
1.12769
1.12957
1.13155
1.13306
1.13367
1.13321
1.13173
1.12951
1.12702
1.12494
1.12396
1.12468
1.12731
1.1316
1.13693
1.14249
1.14763
1.1519
1.15507
1.15713
1.15816
1.1583
1.15771
1.15653
1.15493
1.15304
1.15101
1.14902
1.14729
1.14607
1.14563
1.14613
1.14762
1.14994
1.15283
1.15595
1.159
1.16174
1.16405
1.16584
1.16712
1.16788
1.16813
1.16786
1.16702
1.16556
1.16339
1.16041
1.15656
1.15183
1.14636
1.14051
1.13485
1.13007
1.12684
1.12555
1.1262
1.12848
1.13193
1.13608
1.14054
1.14505
1.14942
1.15354
1.15734
1.1608
1.16391
1.1667
1.16919
1.17144
1.17347
1.17531
1.177
1.17856
1.17998
1.1813
1.18251
1.18362
1.18463
1.18555
1.18636
1.18708
1.18768
1.18818
1.18854
1.18875
1.1888
1.18864
1.18826
1.18762
1.18668
1.18541
1.18381
1.18187
1.17965
1.17721
1.17466
1.17217
1.16987
1.16792
1.16644
1.1655
1.16513
1.16533
1.16606
1.16725
1.16883
1.17068
1.17267
1.17464
1.17645
1.17797
1.17907
1.17966
1.17967
1.17905
1.17775
1.17581
1.17337
1.17072
1.16829
1.16661
1.16617
1.16724
1.16978
1.17341
1.17758
1.18169
1.18522
1.18783
1.18934
1.18974
1.18916
1.18787
1.18625
1.18473
1.18376
1.18361
1.18437
1.18589
1.18783
1.18984
1.19157
1.19279
1.19331
1.19305
1.19195
1.18997
1.18711
1.18338
1.17889
1.17385
1.16861
1.16367
1.1596
1.15685
1.15562
1.15573
1.15677
1.15827
1.15991
1.16157
1.16335
1.16539
1.16782
1.17063
1.1737
1.17681
1.17977
1.18239
1.18458
1.18633
1.18764
1.18859
1.18922
1.18959
1.18975
1.18972
1.1895
1.18906
1.18835
1.1873
1.1858
1.18377
1.1812
1.17816
1.1749
1.17181
1.16933
1.16788
1.1676
1.16838
1.1699
1.17174
1.17358
1.17524
1.17664
1.17783
1.17887
1.17982
1.18074
1.18166
1.18256
1.1834
1.18412
1.18465
1.18491
1.18489
1.18461
1.18416
1.18366
1.18322
1.18282
1.18236
1.18158
1.18016
1.17779
1.17431
1.16976
1.16443
1.15893
1.15396
1.15017
1.14796
1.14736
1.14819
1.15022
1.15332
1.15735
1.1621
1.16714
1.17192
1.17597
1.17899
1.18098
1.18213
1.18277
1.18324
1.18379
1.18459
1.18566
1.18698
1.18846
1.19002
1.19157
1.19307
1.19444
1.19567
1.19671
1.19757
1.19827
1.19881
1.19923
1.19957
1.19984
1.20004
1.20014
1.20009
1.19983
1.19928
1.19839
1.19713
1.19554
1.19372
1.19182
1.19008
1.18873
1.18795
1.18788
1.18849
1.18963
1.19106
1.19246
1.19349
1.19386
1.19336
1.19183
1.18922
1.1856
1.1811
1.17598
1.17059
1.16533
1.16064
1.15694
1.15462
1.15391
1.15486
1.15734
1.16107
1.16565
1.1707
1.17587
1.18089
1.18554
1.18965
1.19312
1.1959
1.19799
1.19941
1.20025
1.20058
1.20047
1.20003
1.19932
1.19842
1.19737
1.19622
1.19499
1.1937
1.19234
1.1909
1.18938
1.18777
1.18607
1.1843
1.18251
1.18076
1.17914
1.17775
1.17666
1.17593
1.17556
1.17551
1.17568
1.17598
1.17626
1.17643
1.17638
1.17606
1.17545
1.17458
1.17349
1.1723
1.1711
1.17005
1.16924
1.16877
1.16868
1.16895
1.16951
1.17028
1.17116
1.17204
1.17287
1.17359
1.17417
1.17462
1.17494
1.17514
1.17523
1.17523
1.17517
1.17505
1.17489
1.1747
1.17448
1.17424
1.17398
1.17369
1.17338
1.17304
1.17268
1.1723
1.17191
1.17151
1.17114
1.17079
1.17049
1.17024
1.17005
1.16991
1.16978
1.16962
1.16936
1.16895
1.16834
1.16753
1.16657
1.16559
1.16481
1.16446
1.16474
1.16578
1.16752
1.16978
1.17232
1.17485
1.17714
1.17902
1.1804
1.18124
1.18156
1.18137
1.18072
1.17967
1.17828
1.17661
1.17474
1.17273
1.17067
1.16863
1.1667
1.16495
1.16343
1.16219
1.16126
1.16067
1.16041
1.1605
1.16093
1.16168
1.16276
1.16414
1.16583
1.16779
1.16998
1.17237
1.17487
1.17743
1.17996
1.18239
1.18464
1.18668
1.18847
1.19
1.19128
1.19234
1.1932
1.1939
1.19448
1.19497
1.19538
1.19572
1.19595
1.19604
1.1959
1.19547
1.19463
1.19329
1.19138
1.18884
1.18569
1.18205
1.17812
1.17424
1.17084
1.16836
1.16715
1.16742
1.16911
1.17199
1.17565
1.17963
1.1835
1.18687
1.18944
1.19096
1.19128
1.19026
1.18784
1.18404
1.17894
1.1728
1.16606
1.15949
1.15417
1.15126
1.15149
1.15475
1.16013
1.16639
1.17254
1.17803
1.18275
1.1868
1.19037
1.19363
1.19667
1.19954
1.2022
1.20463
1.20676
1.20856
1.21
1.21107
1.21175
1.21204
1.21193
1.21138
1.21033
1.20874
1.20652
1.20363
1.20004
1.1958
1.19107
1.18612
1.18137
1.17739
1.17481
1.17414
1.17565
1.17916
1.18416
1.1899
1.19571
1.20105
1.2056
1.20917
1.21165
1.21295
1.21294
1.21151
1.20855
1.20408
1.1983
1.19173
1.18524
1.17992
1.1769
1.1769
1.17998
1.18544
1.19215
1.1989
1.20476
1.20922
1.21207
1.21334
1.21315
1.21162
1.20889
1.2051
1.20039
1.19497
1.18913
1.18326
1.17785
1.17336
1.17018
1.16848
1.16816
1.16892
1.17034
1.17204
1.17375
1.17537
1.17693
1.17854
1.18027
1.18215
1.18412
1.18606
1.18784
1.18937
1.19056
1.19138
1.19184
1.19196
1.19181
1.19143
1.19089
1.19024
1.18955
1.18885
1.1882
1.18764
1.18718
1.18685
1.18665
1.18657
1.18661
1.18673
1.18691
1.18712
1.18732
1.18747
1.18752
1.18745
1.18721
1.18675
1.18605
1.18508
1.18387
1.1825
1.18111
1.17995
1.17928
1.17935
1.1803
1.18206
1.18439
1.18694
1.18934
1.19129
1.19264
1.19339
1.19368
1.19374
1.19384
1.19418
1.19484
1.19572
1.19657
1.19705
1.19683
1.19567
1.19342
1.19013
1.18599
1.18139
1.17683
1.17289
1.17011
1.1688
1.16903
1.17064
1.17331
1.17668
1.18046
1.1844
1.18837
1.19224
1.19594
1.19939
1.20255
1.2054
1.2079
1.21007
1.21193
1.21349
1.2148
1.21586
1.21669
1.21725
1.21751
1.21739
1.21676
1.21546
1.21331
1.21013
1.20582
1.20043
1.19427
1.18793
1.18218
1.17772
1.17498
1.17408
1.17495
1.17749
1.18145
1.18639
1.19174
1.19692
1.20154
1.20545
1.20873
1.21153
1.21397
1.21606
1.21765
1.21849
1.21836
1.21712
1.2149
1.21203
1.2091
1.20686
1.206
1.20699
1.20994
1.21455
1.22022
1.22621
1.23184
1.23659
1.24017
1.24247
1.24355
1.24355
1.24265
1.24104
1.23888
1.23625
1.23317
1.22963
1.22558
1.22102
1.21602
1.21081
1.20575
1.20128
1.19784
1.19576
1.19516
1.19597
1.19793
1.20071
1.20398
1.20746
1.21096
1.21434
1.21749
1.22031
1.22265
1.22435
1.22525
1.22517
1.22399
1.22164
1.21819
1.21388
1.20917
1.20465
1.20089
1.19826
1.19678
1.19617
1.19607
1.19622
1.19663
1.19741
1.19868
1.20042
1.20244
1.20444
1.2061
1.20718
1.20755
1.20713
1.20595
1.20405
1.20152
1.19844
1.19495
1.19121
1.18744
1.18388
1.18079
1.17844
1.17699
1.17655
1.17705
1.17833
1.18016
1.18226
1.18439
1.18639
1.18812
1.18953
1.1906
1.19135
1.19181
1.19199
1.19194
1.19169
1.19125
1.19065
1.18994
1.18915
1.18832
1.18754
1.18686
1.18637
1.18614
1.18621
1.18661
1.18732
1.18829
1.18946
1.19076
1.1921
1.19341
1.19465
1.19577
1.19676
1.19759
1.19825
1.19874
1.19903
1.19911
1.19895
1.19852
1.1978
1.19673
1.1953
1.19344
1.19113
1.18835
1.18508
1.18138
1.1774
1.17337
1.16963
1.16658
1.16451
1.16353
1.16348
1.16407
1.16493
1.16579
1.16658
1.16739
1.16851
1.17022
1.17273
1.17604
1.17996
1.18414
1.18825
1.19203
1.19534
1.19815
1.20048
1.20239
1.20391
1.20509
1.20595
1.20651
1.20678
1.2068
1.20661
1.20623
1.20568
1.20498
1.20412
1.20309
1.20188
1.2005
1.199
1.19743
1.1959
1.19452
1.19341
1.19267
1.19237
1.19253
1.19315
1.19415
1.19543
1.19686
1.19831
1.19965
1.20079
1.20164
1.20216
1.20234
1.20216
1.20163
1.20072
1.1994
1.19759
1.19518
1.19205
1.18809
1.1833
1.1779
1.17238
1.16754
1.16428
1.16324
1.16454
1.1677
1.17197
1.17658
1.18103
1.185
1.1884
1.19122
1.1935
1.1953
1.19667
1.19767
1.19834
1.19874
1.19888
1.19877
1.1984
1.19775
1.19682
1.19561
1.19418
1.19264
1.19116
1.18998
1.18932
1.18935
1.1901
1.19147
1.19325
1.19517
1.19697
1.19845
1.1995
1.20004
1.20007
1.19962
1.19876
1.19756
1.19614
1.19463
1.1932
1.19203
1.19127
1.19103
1.19133
1.19211
1.19323
1.1945
1.19573
1.19676
1.19749
1.19788
1.19795
1.19773
1.19734
1.19688
1.19647
1.19624
1.19628
1.19668
1.19747
1.19867
1.20023
1.20212
1.20427
1.2066
1.20905
1.21152
1.21394
1.21624
1.21833
1.22014
1.2216
1.22266
1.22329
1.22351
1.22333
1.22283
1.22211
1.22129
1.22051
1.21989
1.21954
1.21952
1.21984
1.22046
1.2213
1.22224
1.22314
1.22389
1.22435
1.22446
1.22416
1.22347
1.22245
1.22122
1.21996
1.21881
1.21787
1.21721
1.21679
1.21656
1.21644
1.21636
1.21626
1.21606
1.21574
1.21534
1.21493
1.21466
1.21465
1.21487
1.21514
1.21516
1.2146
1.2133
1.21128
1.20866
1.20548
1.20164
1.19706
1.19199
1.18723
1.1839
1.18283
1.18406
1.1869
1.19034
1.19352
1.19593
1.19742
1.19812
1.19832
1.19837
1.19861
1.19919
1.20017
1.20149
1.20307
1.20482
1.20669
1.20864
1.21061
1.21256
1.21442
1.21612
1.2176
1.21881
1.21969
1.22021
1.22032
1.22
1.21922
1.21797
1.21628
1.21418
1.21175
1.20909
1.20633
1.20363
1.20115
1.19902
1.19733
1.19614
1.19542
1.19511
1.19513
1.19539
1.19583
1.19641
1.19713
1.19799
1.19902
1.20023
1.20162
1.20316
1.20481
1.20649
1.20813
1.20966
1.21101
1.2121
1.21288
1.21329
1.21327
1.21275
1.21165
1.20992
1.20753
1.20449
1.20095
1.19717
1.1936
1.19077
1.18917
1.18912
1.19064
1.19348
1.19723
1.20145
1.20578
1.20995
1.21379
1.21721
1.22016
1.22263
1.2246
1.22606
1.22697
1.22728
1.22691
1.22575
1.22372
1.22075
1.21689
1.2123
1.20734
1.20258
1.19865
1.19613
1.19538
1.19641
1.19888
1.20228
1.20599
1.20945
1.21219
1.21389
1.21433
1.21345
1.21127
1.20795
1.20381
1.19932
1.19512
1.19198
1.19054
1.1911
1.19348
1.19712
1.20127
1.20528
1.20868
1.21127
1.21296
1.21378
1.21384
1.21324
1.21216
1.21079
1.20933
1.20799
1.20696
1.20639
1.20634
1.20684
1.20782
1.20921
1.2109
1.21278
1.21475
1.21674
1.21868
1.22054
1.2223
1.22396
1.22553
1.22701
1.22842
1.22977
1.23106
1.23229
1.23347
1.23456
1.23553
1.23635
1.23694
1.23723
1.23711
1.23645
1.23515
1.23307
1.23016
1.22644
1.22206
1.21735
1.21274
1.2087
1.20554
1.20336
1.20207
1.20144
1.20131
1.20159
1.20232
1.20357
1.2054
1.20784
1.21083
1.21427
1.21801
1.22192
1.22586
1.22977
1.2336
1.23732
1.24093
1.2444
1.24772
1.25084
1.25372
1.25633
1.25863
1.2606
1.26224
1.26353
1.26449
1.26512
1.26545
1.2655
1.2653
1.26488
1.26428
1.26352
1.26263
1.26166
1.2606
1.25948
1.25827
1.25698
1.25556
1.254
1.25229
1.25048
1.24867
1.24699
1.2456
1.24462
1.24407
1.24386
1.24379
1.24362
1.24316
1.24233
1.24118
1.23985
1.23856
1.23752
1.23689
1.23674
1.23704
1.23772
1.23865
1.23973
1.24087
1.24199
1.24303
1.24393
1.24464
1.24512
1.24535
1.24534
1.2451
1.24468
1.24413
1.2435
1.24285
1.2422
1.24159
1.24102
1.2405
1.24
1.23951
1.23899
1.23839
1.23766
1.23675
1.23561
1.23421
1.23256
1.23071
1.22879
1.22697
1.22552
1.2247
1.22475
1.22579
1.22782
1.23068
1.23409
1.23776
1.24141
1.24483
1.24786
1.25042
1.25247
1.25398
1.25492
1.25525
1.25492
1.25386
1.252
1.2493
1.2458
1.24163
1.23707
1.23252
1.22846
1.2253
1.22327
1.22235
1.22229
1.22273
1.22333
1.2238
1.22404
1.224
1.22375
1.22339
1.22299
1.22264
1.22238
1.22226
1.22231
1.22256
1.22301
1.22364
1.22431
1.22483
1.22491
1.22417
1.22221
1.21867
1.21333
1.20632
1.19833
1.19071
1.1853
1.1838
1.18696
1.19416
1.20374
1.21376
1.22267
1.22957
1.23416
1.23644
1.23661
1.23493
1.23171
1.22735
1.2224
1.2175
1.21334
1.2104
1.2088
1.20826
1.20828
1.20837
1.20822
1.20779
1.20726
1.20688
1.20694
1.20763
1.20905
1.21113
1.21369
1.2165
1.2193
1.22187
1.22405
1.22576
1.22693
1.22759
1.22774
1.22743
1.2267
1.2256
1.22418
1.22249
1.2206
1.21854
1.21634
1.21398
1.21143
1.2086
1.20545
1.20198
1.19832
1.19471
1.19144
1.18877
1.18679
1.18546
1.18472
1.1846
1.18523
1.18682
1.18947
1.1931
1.19744
1.20209
1.20666
1.21086
1.21449
1.21747
1.21979
1.22147
1.22254
1.22303
1.22298
1.22242
1.22144
1.22013
1.21865
1.21721
1.21602
1.21529
1.21514
1.21557
1.21645
1.21757
1.21865
1.21942
1.21963
1.2191
1.21764
1.21511
1.21142
1.20649
1.2004
1.19343
1.18619
1.17968
1.17513
1.17353
1.17513
1.17928
1.1848
1.19056
1.19584
1.20039
1.20424
1.20753
1.2104
1.21292
1.21507
1.21683
1.21816
1.21899
1.21928
1.21898
1.21805
1.21645
1.21421
1.21147
1.20846
1.2056
1.20342
1.20247
1.20317
1.20568
1.20982
1.21514
1.22112
1.22724
1.23312
1.23852
1.24334
1.24754
1.25113
1.25413
1.25656
1.25844
1.25974
1.26043
1.26045
1.2597
1.25807
1.25544
1.25168
1.24672
1.24055
1.23332
1.22533
1.21707
1.20916
1.20221
1.19678
1.19326
1.19187
1.19258
1.19516
1.19916
1.20409
1.20951
1.21509
1.22061
1.22593
1.23094
1.23549
1.23939
1.24247
1.24458
1.2457
1.24593
1.24554
1.24496
1.24462
1.24492
1.24603
1.24789
1.25024
1.25274
1.25508
1.25701
1.2584
1.25918
1.25935
1.25892
1.25794
1.25648
1.25462
1.25245
1.25012
1.24775
1.24549
1.24348
1.24184
1.24064
1.23991
1.23963
1.23973
1.24016
1.24082
1.24166
1.24263
1.24371
1.2449
1.24622
1.24772
1.24944
1.25142
1.25367
1.25613
1.25874
1.26135
1.26383
1.26604
1.26787
1.26923
1.27008
1.2704
1.27023
1.26962
1.26866
1.26745
1.26611
1.26474
1.26343
1.26226
1.26129
1.26058
1.26019
1.26015
1.26047
1.26111
1.26203
1.26312
1.2643
1.26546
1.2665
1.26734
1.26786
1.26796
1.2675
1.26636
1.26443
1.26164
1.25796
1.25344
1.24822
1.24249
1.23647
1.23037
1.22435
1.21859
1.21342
1.20941
1.20749
1.20866
1.21345
1.22147
1.23148
1.2419
1.25148
1.2595
1.26578
1.2704
1.27363
1.27568
1.27678
1.27703
1.27649
1.27519
1.27311
1.27026
1.26667
1.26242
1.25766
1.25264
1.24769
1.24321
1.23961
1.23724
1.23629
1.23673
1.23831
1.24065
1.24334
1.24602
1.24851
1.25074
1.25279
1.25475
1.25674
1.25879
1.26088
1.26292
1.2648
1.26642
1.26767
1.26848
1.26879
1.26853
1.26764
1.26601
1.26357
1.26022
1.25594
1.25078
1.24499
1.23905
1.2336
1.22934
1.22676
1.22592
1.22639
1.22741
1.22819
1.22813
1.22691
1.22453
1.22123
1.21746
1.21375
1.21067
1.20872
1.20821
1.20915
1.21128
1.21413
1.21715
1.21986
1.2219
1.2231
1.22341
1.22294
1.22189
1.22054
1.21922
1.21823
1.21781
1.21807
1.21898
1.22041
1.22215
1.22398
1.22573
1.22725
1.22846
1.22933
1.22985
1.23003
1.22991
1.22951
1.22886
1.228
1.22694
1.22571
1.22431
1.22278
1.22112
1.21934
1.21748
1.2156
1.21377
1.21211
1.21071
1.20965
1.20889
1.20832
1.20771
1.20686
1.20566
1.20423
1.20295
1.20236
1.20301
1.20513
1.20858
1.21287
1.21739
1.22166
1.22535
1.22835
1.23064
1.23228
1.23334
1.23389
1.23398
1.23364
1.2329
1.23176
1.23025
1.22837
1.22614
1.2236
1.22083
1.21795
1.21512
1.2125
1.21022
1.20837
1.20693
1.2059
1.20525
1.20501
1.20517
1.20569
1.20652
1.20763
1.20902
1.21069
1.21264
1.21483
1.21715
1.21949
1.22173
1.22381
1.22569
1.22737
1.22887
1.23021
1.23141
1.23252
1.23354
1.23451
1.23545
1.23639
1.23737
1.23839
1.23946
1.24055
1.24165
1.2427
1.24367
1.24453
1.24525
1.24584
1.24631
1.24665
1.2469
1.24705
1.24713
1.24713
1.24703
1.24679
1.24638
1.24575
1.24482
1.24354
1.24186
1.23972
1.23711
1.23403
1.23052
1.22663
1.22243
1.218
1.21344
1.20893
1.20482
1.20165
1.20011
1.20078
1.20381
1.20878
1.21485
1.22112
1.22688
1.23172
1.23543
1.23798
1.2394
1.23974
1.23916
1.23789
1.23633
1.23501
1.23443
1.23497
1.23668
1.23932
1.24242
1.24551
1.2482
1.25029
1.25169
1.25243
1.25259
1.25225
1.25151
1.25045
1.24914
1.24763
1.24597
1.24418
1.24225
1.2402
1.238
1.23567
1.23326
1.2309
1.22877
1.22713
1.22623
1.22624
1.2272
1.22896
1.23129
1.2339
1.23653
1.23901
1.24122
1.24313
1.24474
1.24608
1.24718
1.24805
1.2487
1.2491
1.24918
1.24884
1.24795
1.24636
1.24391
1.24053
1.2363
1.2316
1.22709
1.22363
1.22199
1.22243
1.22462
1.22785
1.2313
1.23443
1.23694
1.23879
1.24002
1.24074
1.24104
1.24102
1.24075
1.24036
1.23992
1.23955
1.23927
1.23909
1.23893
1.23866
1.23813
1.23721
1.23586
1.23417
1.23242
1.23099
1.23033
1.23073
1.23225
1.23466
1.23753
1.24041
1.24293
1.24488
1.24623
1.24704
1.24751
1.24783
1.24821
1.24882
1.24979
1.25116
1.2529
1.25495
1.25718
1.25943
1.26157
1.26344
1.26491
1.26585
1.26613
1.26568
1.26445
1.26248
1.25997
1.25726
1.25482
1.25318
1.25269
1.25342
1.25514
1.25739
1.2597
1.26164
1.26294
1.26344
1.26303
1.26166
1.25927
1.25583
1.25135
1.24591
1.23972
1.23314
1.22666
1.22088
1.21642
1.21373
1.21304
1.21425
1.21702
1.22079
1.22501
1.22916
1.23288
1.23595
1.23831
1.24004
1.2413
1.24232
1.24337
1.24465
1.24633
1.24845
1.25097
1.25376
1.25661
1.25932
1.26172
1.26365
1.26504
1.26582
1.26599
1.26555
1.26451
1.26291
1.26081
1.25829
1.25547
1.25252
1.24965
1.24707
1.24498
1.24354
1.24282
1.24281
1.24342
1.24449
1.24585
1.24732
1.24869
1.24982
1.25054
1.25074
1.25033
1.24924
1.24749
1.24511
1.2422
1.23894
1.23552
1.23216
1.22905
1.22635
1.22418
1.22261
1.22171
1.22153
1.22207
1.22327
1.22499
1.22703
1.22912
1.23099
1.2324
1.23319
1.23326
1.23264
1.23142
1.22981
1.22808
1.22654
1.22549
1.22517
1.22568
1.22699
1.22896
1.23139
1.23404
1.23675
1.23939
1.24185
1.24408
1.24603
1.24765
1.2489
1.24974
1.25017
1.25015
1.24968
1.24873
1.2473
1.24535
1.24284
1.23976
1.23613
1.23208
1.22786
1.22393
1.22087
1.21926
1.21945
1.22139
1.22469
1.22871
1.23284
1.23662
1.23974
1.24206
1.24346
1.24383
1.243
1.24073
1.23671
1.23074
1.22287
1.2138
1.20513
1.1991
1.19768
1.20129
1.20855
1.21719
1.22529
1.23174
1.23627
1.23905
1.24047
1.24101
1.2411
1.2411
1.24125
1.24166
1.24233
1.2432
1.24416
1.24513
1.24604
1.24687
1.2476
1.24822
1.24873
1.24911
1.24935
1.24942
1.2493
1.249
1.24852
1.2479
1.24719
1.24642
1.24568
1.24503
1.24456
1.24438
1.24461
1.24534
1.2466
1.24838
1.25057
1.25301
1.25551
1.2579
1.26005
1.26186
1.26329
1.26429
1.26487
1.26501
1.26471
1.26393
1.26263
1.26079
1.2584
1.25551
1.25231
1.2491
1.24629
1.24431
1.24341
1.24363
1.24474
1.2464
1.24829
1.25019
1.25204
1.25386
1.25572
1.25767
1.25973
1.26188
1.26404
1.26613
1.26803
1.26963
1.27082
1.27152
1.27164
1.2711
1.26984
1.26781
1.26494
1.26119
1.25652
1.25091
1.24438
1.23702
1.22902
1.2207
1.21257
1.2053
1.19969
1.19649
1.19616
1.19869
1.20353
1.2098
1.21653
1.22294
1.2285
1.23297
1.23633
1.2387
1.24031
1.24137
1.24212
1.24267
1.24309
1.24337
1.24344
1.24324
1.24269
1.24179
1.24052
1.23892
1.23703
1.2349
1.23258
1.23014
1.22764
1.22512
1.22265
1.2203
1.21811
1.21615
1.21445
1.21306
1.212
1.21127
1.21088
1.21077
1.21092
1.21127
1.21177
1.21234
1.21296
1.21356
1.2141
1.21457
1.2149
1.21508
1.21504
1.21474
1.21413
1.21312
1.21167
1.20974
1.20736
1.20462
1.20172
1.19896
1.19664
1.19499
1.194
1.1934
1.19272
1.19141
1.1891
1.18584
1.18222
1.17934
1.17833
1.17979
1.18338
1.18802
1.19246
1.19575
1.19738
1.19723
1.19543
1.19228
1.18828
1.18409
1.18044
1.178
1.17715
1.17784
1.17967
1.18207
1.18453
1.18666
1.18814
1.18869
1.188
1.18573
1.1818
1.17665
1.17147
1.16797
1.16753
1.17029
1.17506
1.18016
1.18431
1.18701
1.18831
1.18862
1.1884
1.18808
1.18804
1.18848
1.18949
1.19101
1.19288
1.1949
1.19688
1.19867
1.20019
1.20139
1.2023
1.20293
1.20332
1.2035
1.2035
1.20336
1.20308
1.20268
1.20216
1.20154
1.20083
1.20004
1.1992
1.19834
1.1975
1.19674
1.19611
1.19566
1.19544
1.19548
1.1958
1.19637
1.19717
1.19814
1.19919
1.20023
1.20116
1.20186
1.2022
1.20207
1.20138
1.20004
1.19806
