1.12948
1.13786
1.14384
1.14676
1.14616
1.14176
1.13367
1.12242
1.10911
1.09516
1.082
1.07091
1.06325
1.06049
1.0632
1.06974
1.07646
1.07949
1.07663
1.06789
1.05493
1.03989
1.0246
1.01033
0.998504
0.991316
0.990786
0.997009
1.00803
1.02122
1.0341
1.04463
1.05194
1.0567
1.06046
1.06481
1.07103
1.08006
1.09229
1.1073
1.12393
1.14063
1.15578
1.16779
1.17515
1.17651
1.17085
1.15777
1.13786
1.11301
1.08624
1.06113
1.04093
1.0277
1.02205
1.02327
1.02985
1.04001
1.05195
1.06397
1.0746
1.08258
1.08718
1.08846
1.08734
1.08545
1.08478
1.08716
1.09368
1.10418
1.11716
1.13023
1.14087
1.14704
1.14747
1.14175
1.13043
1.11528
1.09931
1.08606
1.07841
1.07757
1.08284
1.09242
1.10438
1.11748
1.13134
1.14614
1.16204
1.17851
1.19408
1.20653
1.2135
1.2133
1.20578
1.19294
1.17873
1.16757
1.16208
1.16189
1.16487
1.16895
1.173
1.17657
1.17937
1.18092
1.1804
1.17693
1.16968
1.15833
1.14352
1.127
1.11115
1.09809
1.08863
1.08209
1.07694
1.07171
1.06547
1.058
1.04975
1.04181
1.03588
1.03377
1.0366
1.04403
1.05458
1.06645
1.07818
1.08874
1.09718
1.10258
1.10414
1.10158
1.09534
1.08664
1.07732
1.06945
1.06472
1.06378
1.06614
1.07052
1.07554
1.08015
1.08378
1.08617
1.08719
1.0867
1.08459
1.08072
1.0749
1.06699
1.05702
1.04534
1.03263
1.02007
1.00939
1.00272
1.00215
1.00909
1.02383
1.04517
1.07057
1.0968
1.12084
1.14076
1.1558
1.16582
1.17049
1.16911
1.16102
1.14609
1.1248
1.09817
1.06766
1.03532
1.00394
0.976985
0.957704
0.948117
0.948311
0.956713
0.970943
0.988732
1.0084
1.02893
1.04976
1.07024
1.08949
1.10633
1.11974
1.12934
1.13557
1.13941
1.14156
1.14194
1.13982
1.13446
1.12548
1.11297
1.09733
1.07903
1.05854
1.03649
1.01415
0.993959
0.97947
0.974152
0.97941
0.993563
1.01262
1.03207
1.04825
1.05932
1.0658
1.07034
1.07612
1.08466
1.09487
1.10427
1.11048
1.11187
1.10766
1.09823
1.08575
1.07444
1.06913
1.07258
1.08394
1.09979
1.11619
1.12966
1.1375
1.13825
1.13206
1.12052
1.10609
1.0913
1.07805
1.06726
1.05886
1.05219
1.0465
1.04134
1.03672
1.0329
1.03021
1.0289
1.02921
1.03139
1.03559
1.04164
1.04888
1.05633
1.06304
1.06837
1.07231
1.07528
1.07777
1.08011
1.08229
1.08409
1.0853
1.08597
1.08648
1.08734
1.08892
1.09117
1.09375
1.0961
1.09774
1.09839
1.09825
1.09816
1.09946
1.10319
1.10951
1.11755
1.1261
1.13446
1.1429
1.15223
1.16294
1.17468
1.18633
1.19657
1.20439
1.20932
1.21143
1.21111
1.20896
1.20552
1.20109
1.19571
1.18935
1.18213
1.17434
1.16621
1.15767
1.14817
1.13672
1.12237
1.10486
1.08503
1.0645
1.04477
1.02668
1.01038
0.995912
0.983742
0.975227
0.972268
0.97585
0.984733
0.996016
1.00689
1.01588
1.0228
1.02825
1.0331
1.0382
1.04411
1.05085
1.05782
1.06386
1.06765
1.06814
1.06488
1.05819
1.04912
1.03923
1.03021
1.02349
1.02003
1.02018
1.02379
1.03034
1.03904
1.04889
1.05864
1.06701
1.07281
1.07541
1.07516
1.07356
1.07294
1.07568
1.08295
1.09393
1.10611
1.11655
1.12318
1.1253
1.12329
1.11806
1.11047
1.10124
1.09106
1.08079
1.07167
1.06501
1.06174
1.06202
1.06543
1.07144
1.07964
1.08957
1.10024
1.11014
1.11774
1.12212
1.12319
1.12162
1.11835
1.11414
1.1093
1.10367
1.09696
1.08906
1.08017
1.0707
1.06102
1.0514
1.04209
1.03334
1.02538
1.0183
1.0119
1.00589
1.00021
0.995487
0.993216
0.995527
1.00463
1.02194
1.04716
1.07783
1.10998
1.13937
1.1626
1.17772
1.18431
1.18323
1.17604
1.16451
1.15031
1.13492
1.1196
1.10534
1.09273
1.082
1.07346
1.0678
1.06591
1.06811
1.07393
1.08235
1.09239
1.10339
1.1147
1.12549
1.13457
1.14059
1.14239
1.13925
1.13097
1.11788
1.10067
1.08058
1.05943
1.03984
1.02522
1.01936
1.02516
1.04295
1.06959
1.09955
1.1271
1.14806
1.16054
1.16494
1.16337
1.15863
1.15278
1.14645
1.13909
1.1298
1.11795
1.10341
1.08689
1.07034
1.05726
1.05176
1.05638
1.07043
1.09041
1.11186
1.13088
1.14467
1.15192
1.15293
1.14974
1.14558
1.14339
1.1443
1.14723
1.15011
1.1514
1.15074
1.14893
1.14712
1.14612
1.14587
1.14538
1.14307
1.13742
1.12758
1.11383
1.09708
1.07783
1.0557
1.03057
1.00439
0.981356
0.965947
0.960725
0.966105
0.9813
1.00468
1.03392
1.06635
1.09926
1.12997
1.15576
1.1742
1.18354
1.18305
1.17297
1.15423
1.12849
1.0992
1.07301
1.05827
1.0588
1.07055
1.08646
1.10164
1.11357
1.12067
1.12172
1.11633
1.10523
1.09055
1.07548
1.06329
1.05599
1.05379
1.05556
1.05972
1.06474
1.06931
1.07236
1.07315
1.0714
1.06752
1.06279
1.05924
1.05896
1.06272
1.0693
1.07663
1.08333
1.08881
1.09228
1.0922
1.08698
1.07588
1.05924
1.03815
1.01394
0.987916
0.961404
0.936019
0.913907
0.897584
0.889272
0.890159
0.900175
0.918106
0.94179
0.968474
0.995537
1.02109
1.04411
1.06409
1.08062
1.09333
1.10199
1.10667
1.10764
1.10519
1.09958
1.0913
1.08129
1.07108
1.06269
1.05802
1.05809
1.06299
1.07238
1.08585
1.10273
1.12179
1.14128
1.15934
1.17438
1.1853
1.19165
1.19358
1.19178
1.18733
1.18147
1.17537
1.16988
1.16539
1.1618
1.15869
1.15534
1.15075
1.14376
1.1334
1.11946
1.10286
1.08571
1.07085
1.06081
1.05656
1.05698
1.05971
1.0631
1.06754
1.07512
1.08745
1.1037
1.12078
1.13512
1.14413
1.14662
1.14256
1.13264
1.11797
1.10001
1.08063
1.06214
1.04712
1.03784
1.03548
1.03965
1.0485
1.05952
1.07056
1.08045
1.08897
1.09634
1.10272
1.10797
1.11169
1.11348
1.11311
1.11083
1.10742
1.10403
1.10169
1.10098
1.10205
1.10486
1.10945
1.11585
1.12384
1.13268
1.1412
1.14811
1.15245
1.15394
1.15293
1.15014
1.14622
1.14133
1.13526
1.12767
1.11869
1.10915
1.10031
1.0935
1.08952
1.0885
1.08992
1.09284
1.09611
1.09861
1.09932
1.09746
1.09255
1.08455
1.07378
1.06087
1.04668
1.03201
1.01769
1.00496
0.99582
0.992504
0.996161
1.006
1.02008
1.03672
1.05524
1.07565
1.09781
1.12093
1.14345
1.16354
1.17951
1.19006
1.19429
1.19164
1.18191
1.16538
1.14291
1.11603
1.08683
1.05766
1.03069
1.00755
0.98917
0.97586
0.967752
0.964972
0.967443
0.974643
0.985696
0.999679
1.01572
1.03283
1.0498
1.06524
1.07804
1.08768
1.09442
1.09913
1.10305
1.10748
1.11365
1.12247
1.13431
1.14883
1.16479
1.18011
1.19235
1.19939
1.2001
1.1948
1.1853
1.17455
1.1656
1.16037
1.15865
1.15819
1.15579
1.14874
1.13586
1.11795
1.09789
1.07986
1.06775
1.06333
1.06552
1.07144
1.07818
1.08401
1.08841
1.09158
1.09389
1.09559
1.09643
1.09553
1.0915
1.08289
1.06874
1.04928
1.02638
1.00384
0.986503
0.978446
0.981042
0.992366
1.00846
1.02532
1.04029
1.05223
1.06081
1.06582
1.06748
1.06692
1.06586
1.06563
1.06678
1.06943
1.07383
1.08044
1.08977
1.10196
1.11642
1.13162
1.14527
1.15478
1.15792
1.15356
1.14207
1.12539
1.10625
1.08692
1.06803
1.04886
1.02914
1.01058
0.996597
0.990462
0.993205
1.00319
1.01741
1.03308
1.04851
1.06299
1.07646
1.08903
1.1008
1.11157
1.12085
1.12796
1.13237
1.13414
1.134
1.13315
1.13279
1.1336
1.13562
1.13834
1.14118
1.14387
1.14679
1.15086
1.15691
1.16504
1.17425
1.18281
1.18902
1.19179
1.19096
1.18721
1.18168
1.17534
1.16863
1.16146
1.15367
1.1453
1.13662
1.12779
1.11878
1.10944
1.09974
1.0899
1.08043
1.07203
1.06529
1.06059
1.05784
1.0561
1.05357
1.04833
1.03943
1.02762
1.01533
1.00588
1.00241
1.00682
1.0192
1.03801
1.0607
1.08454
1.10711
1.12649
1.14138
1.15115
1.15592
1.15657
1.15436
1.15048
1.1457
1.14004
1.13297
1.12364
1.11139
1.09644
1.0803
1.06568
1.05551
1.05159
1.05366
1.05963
1.06642
1.07097
1.07105
1.06585
1.05635
1.04518
1.03581
1.03104
1.03179
1.03692
1.04401
1.05045
1.05419
1.05429
1.05092
1.04499
1.03773
1.03055
1.02484
1.02175
1.02182
1.02477
1.02974
1.03582
1.04243
1.04943
1.05683
1.06468
1.0729
1.08126
1.08925
1.09609
1.10098
1.10339
1.10328
1.10109
1.09751
1.09328
1.08899
1.08512
1.08217
1.08074
1.0814
1.08462
1.09043
1.09838
1.10753
1.11652
1.12378
1.12784
1.12748
1.12195
1.11105
1.09539
1.07639
1.05615
1.03715
1.02145
1.01009
1.00289
0.999058
0.997984
0.999542
1.0038
1.01047
1.01869
1.02718
1.03467
1.04025
1.04349
1.04462
1.0444
1.044
1.04471
1.04769
1.05368
1.06274
1.07426
1.08718
1.10062
1.11399
1.1268
1.13831
1.14733
1.15235
1.15187
1.14476
1.13066
1.11008
1.0844
1.05572
1.02694
1.00169
0.983839
0.976421
0.980323
0.993761
1.01316
1.03481
1.05598
1.0752
1.09192
1.10609
1.11802
1.12814
1.1368
1.14391
1.14891
1.15114
1.15039
1.14695
1.14133
1.13387
1.12469
1.11395
1.10203
1.08962
1.07771
1.06748
1.05993
1.05544
1.05359
1.05334
1.05354
1.05343
1.05279
1.05172
1.05033
1.0488
1.04754
