-3.39344
-3.3936
-3.3936
-3.3933
-3.39284
-3.39299
-3.39224
-3.39193
-3.39208
-3.39103
-3.39087
-3.39208
-3.39208
-3.39238
-3.39283
-3.39374
-3.39284
-3.39435
-3.39496
-3.39481
-3.39496
-3.3939
-3.39375
-3.3939
-3.39389
-3.39435
-3.39465
-3.39374
-3.39344
-3.39375
-3.39435
-3.39435
-3.39465
-3.39359
-3.39404
-3.39359
-3.39283
-3.39253
-3.39177
-3.39177
-3.39072
-3.39117
-3.39057
-3.38921
-3.38936
-3.38982
-3.38921
-3.38997
-3.39027
-3.38951
-3.39041
-3.38996
-3.39041
-3.39041
-3.3895
-3.3892
-3.38996
-3.38921
-3.38936
-3.38921
-3.38996
-3.39027
-3.39012
-3.39011
-3.39102
-3.39162
-3.39313
-3.39313
-3.39192
-3.39147
-3.39162
-3.39057
-3.39178
-3.39193
-3.39208
-3.39132
-3.39147
-3.39072
-3.39011
-3.3898
-3.3892
-3.38875
-3.3889
-3.3886
-3.3895
-3.38996
-3.38905
-3.38875
-3.3889
-3.38845
-3.38966
-3.38936
-3.39027
-3.39057
-3.39012
-3.39011
-3.39086
-3.39026
-3.38996
-3.38981
-3.3892
-3.3889
-3.38905
-3.38996
-3.38754
-3.388
-3.3877
-3.38679
-3.38725
-3.38755
-3.38815
-3.38769
-3.38799
-3.38799
-3.38905
-3.38966
-3.38936
-3.39057
-3.39072
-3.39087
-3.39178
-3.39132
-3.39072
-3.39071
-3.39071
-3.39117
-3.39087
-3.39117
-3.39057
-3.39042
-3.38997
-3.39027
-3.39012
-3.38967
-3.38966
-3.38861
-3.38906
-3.38906
-3.38966
-3.38966
-3.39012
-3.39012
-3.39012
-3.39042
-3.39057
-3.38997
-3.38921
-3.38906
-3.38831
-3.38846
-3.38755
-3.38785
-3.38816
-3.388
-3.38755
-3.38891
-3.38936
-3.38951
-3.38966
-3.39026
-3.39011
-3.39057
-3.38936
-3.38921
-3.38846
-3.38937
-3.38997
-3.38997
-3.38997
-3.39043
-3.38967
-3.39012
-3.39088
-3.39088
-3.39027
-3.39133
-3.39193
-3.39178
-3.39147
-3.39298
-3.39329
-3.39359
-3.39314
-3.39314
-3.39344
-3.39405
-3.39344
-3.39254
-3.39178
-3.39148
-3.39254
-3.39133
-3.39194
-3.39239
-3.39329
-3.39345
-3.39375
-3.39269
-3.3933
-3.39284
-3.39254
-3.39103
-3.39103
-3.39239
-3.39254
-3.39148
-3.39087
-3.39011
-3.39102
-3.39103
-3.39103
-3.39119
-3.39104
-3.39179
-3.39239
-3.39118
-3.39133
-3.39057
-3.39043
-3.39013
-3.38968
-3.39058
-3.39209
-3.39164
-3.39118
-3.39208
-3.39284
-3.39269
-3.39163
-3.39118
-3.39149
-3.39134
-3.39058
-3.39134
-3.39164
-3.39194
-3.39118
-3.39163
-3.39193
-3.39118
-3.39088
-3.39042
-3.39088
-3.38997
-3.38922
-3.38922
-3.38921
-3.38967
-3.38967
-3.38967
-3.39072
-3.39057
-3.39072
-3.38967
-3.38952
-3.38982
-3.39027
-3.39057
-3.39148
-3.39208
-3.39208
-3.39269
-3.39405
-3.3942
-3.39344
-3.3936
-3.39375
-3.39375
-3.39435
-3.39405
-3.39481
-3.39541
-3.39405
-3.3939
-3.39314
-3.39223
-3.39314
-3.39269
-3.39329
-3.39375
-3.39299
-3.39405
-3.39359
-3.3945
-3.3948
-3.39435
-3.39465
-3.39526
-3.39526
-3.39586
-3.39601
-3.39571
-3.39586
-3.39526
-3.39541
-3.3945
-3.39359
-3.39344
-3.39299
-3.39269
-3.3933
-3.39224
-3.39178
-3.39163
-3.39133
-3.38982
-3.38861
-3.38846
-3.3877
-3.38498
-3.38437
-3.38603
-3.38649
-3.38619
-3.38589
-3.38544
-3.38544
-3.38604
-3.38634
-3.38649
-3.38604
-3.38664
-3.38664
-3.38664
-3.38695
-3.38649
-3.3871
-3.38816
-3.38997
-3.39133
-3.39223
-3.39102
-3.39087
-3.38981
-3.39027
-3.39072
-3.38996
-3.39027
-3.39072
-3.39088
-3.39118
-3.39254
-3.39254
-3.39299
-3.39269
-3.39344
-3.39389
-3.39374
-3.39329
-3.3939
-3.3939
-3.39329
-3.39329
-3.39405
-3.3942
-3.3942
-3.39389
-3.39525
-3.3945
-3.39419
-3.3954
-3.39525
-3.39616
-3.3948
-3.39419
-3.3948
-3.39465
-3.39541
-3.39525
-3.39541
-3.3942
-3.39299
-3.39253
-3.39223
-3.39268
-3.39238
-3.39163
-3.39208
-3.39299
-3.39359
-3.39283
-3.39314
-3.39268
-3.39283
-3.39284
-3.39435
-3.39389
-3.39389
-3.39344
-3.39284
-3.39223
-3.39162
-3.39072
-3.39132
-3.39238
-3.39223
-3.39193
-3.39254
-3.39209
-3.39148
-3.39224
-3.39178
-3.39163
-3.39163
-3.39193
-3.39072
-3.39163
-3.39132
-3.39057
-3.38981
-3.38951
-3.38966
-3.38845
-3.3889
-3.38921
-3.38981
-3.39011
-3.39027
-3.39072
-3.39012
-3.39072
-3.39118
-3.39163
-3.39103
-3.39103
-3.39193
-3.39072
-3.39057
-3.39118
-3.39132
-3.39132
-3.39132
-3.39116
-3.39162
-3.39177
-3.39178
-3.39193
-3.39224
-3.39239
-3.39269
-3.39375
-3.3945
-3.3945
-3.39465
-3.39435
-3.3948
-3.39435
-3.39465
-3.3942
-3.39465
-3.3945
-3.39555
-3.39525
-3.39495
-3.39525
-3.39601
-3.39662
-3.39738
-3.39738
-3.39572
-3.39602
-3.39677
-3.39662
-3.39586
-3.39571
-3.39601
-3.39662
-3.39511
-3.3945
-3.3945
-3.3945
-3.3951
-3.39601
-3.39586
-3.39571
-3.39571
-3.39526
-3.39511
-3.39481
-3.39526
-3.39541
-3.3945
-3.39329
-3.3945
-3.39465
-3.3954
-3.3954
-3.39586
-3.3948
-3.39435
-3.39405
-3.39299
-3.39088
-3.39103
-3.39119
-3.39089
-3.39224
-3.39285
-3.3927
-3.39164
-3.39133
-3.39057
-3.39072
-3.39012
-3.38967
-3.39028
-3.38967
-3.38922
-3.38892
-3.38907
-3.38952
-3.38907
-3.38846
-3.38891
-3.38921
-3.38951
-3.39012
-3.39012
-3.39027
-3.39103
-3.39118
-3.39103
-3.39058
-3.39088
-3.39133
-3.39194
-3.39163
-3.39224
-3.39209
-3.393
-3.3933
-3.39406
-3.39436
-3.39421
-3.393
-3.39179
-3.39194
-3.3933
-3.3936
-3.3933
-3.39254
-3.39209
-3.39193
-3.39133
-3.39133
-3.39087
-3.39072
-3.39057
-3.38936
-3.38907
-3.38997
-3.39058
-3.39058
-3.39149
-3.39224
-3.39194
-3.39088
-3.39058
-3.39073
-3.39088
-3.39118
-3.39164
-3.39224
-3.39299
-3.39299
-3.39208
-3.39284
-3.39223
-3.39299
-3.39208
-3.39193
-3.39193
-3.39299
-3.39254
-3.39269
-3.39345
-3.39224
-3.39254
-3.3936
-3.39314
-3.39224
-3.39163
-3.39087
-3.39163
-3.39103
-3.38997
-3.38967
-3.38906
-3.38831
-3.38816
-3.38786
-3.38771
-3.38861
-3.38861
-3.38785
-3.38921
-3.38951
-3.38906
-3.38921
-3.38846
-3.3877
-3.3883
-3.38861
-3.38921
-3.38816
-3.38846
-3.38846
-3.38907
-3.39028
-3.38967
-3.39028
-3.39088
-3.39042
-3.39103
-3.39042
-3.39012
-3.38921
-3.38967
-3.39027
-3.39012
-3.38967
-3.39027
-3.39012
-3.39012
-3.39058
-3.38997
-3.39088
-3.39088
-3.39088
-3.39088
-3.39103
-3.39087
-3.39072
-3.39178
-3.39163
-3.39178
-3.39163
-3.39163
-3.39178
-3.39102
-3.39208
-3.39178
-3.39178
-3.39193
-3.39163
-3.39208
-3.39193
-3.39238
-3.39284
-3.39223
-3.39253
-3.39117
-3.39147
-3.39087
-3.39057
-3.39102
-3.39147
-3.39163
-3.39087
-3.39042
-3.38982
-3.38952
-3.39012
-3.39057
-3.39163
-3.39208
-3.39269
-3.39163
-3.39148
-3.39163
-3.39163
-3.39147
-3.39223
-3.39253
-3.39284
-3.39284
-3.39359
-3.3939
-3.3942
-3.3951
-3.3948
-3.3942
-3.3948
-3.3945
-3.3939
-3.39435
-3.39405
-3.3939
-3.3939
-3.39344
-3.39374
-3.39419
-3.39389
-3.39359
-3.39404
-3.39389
-3.39374
-3.39359
-3.39268
-3.39238
-3.39253
-3.39178
-3.39208
-3.39284
-3.3936
-3.39526
-3.39496
-3.39631
-3.39631
-3.39631
-3.39692
-3.39631
-3.39812
-3.39797
-3.39752
-3.39843
-3.39858
-3.39843
-3.39768
-3.39798
-3.39889
-3.39979
-3.39979
-3.39979
-3.39948
-3.40009
-3.40039
-3.40024
-3.39934
-3.39843
-3.39843
-3.39858
-3.40009
-3.39933
-3.39887
-3.39963
-3.39933
-3.40024
-3.4007
-3.40085
-3.40055
-3.40145
-3.4007
-3.40024
-3.39934
-3.39858
-3.39949
-3.39859
-3.39934
-3.39979
-3.39934
-3.39933
-3.40023
-3.40008
-3.40069
-3.40054
-3.40085
-3.4007
-3.40176
-3.4007
-3.4004
-3.39979
-3.39889
-3.39768
-3.39934
-3.39979
-3.39979
-3.39918
-3.39903
-3.39888
-3.39873
-3.39858
-3.39737
-3.39722
-3.39738
-3.39708
-3.39602
-3.39693
-3.39587
-3.39526
-3.39571
-3.39616
-3.39511
-3.3945
-3.3945
-3.39405
-3.3951
-3.39525
-3.39601
-3.39616
-3.39631
-3.39647
-3.39798
-3.39798
-3.39707
-3.39767
-3.39782
-3.39828
-3.39888
-3.39798
-3.39843
-3.39858
-3.39737
-3.39798
-3.39813
-3.39767
-3.39737
-3.39768
-3.39783
-3.39738
-3.39753
-3.39617
-3.39617
-3.39586
-3.39723
-3.39768
-3.39708
-3.39738
-3.39662
-3.39572
-3.39647
-3.39753
-3.39602
-3.39602
-3.39647
-3.39662
-3.39768
-3.39753
-3.39783
-3.39814
-3.39934
-3.39949
-3.39995
-3.39964
-3.39964
-3.40085
-3.40085
-3.40101
-3.40146
-3.40146
-3.40176
-3.40176
-3.40191
-3.40085
-3.4007
-3.39964
-3.39949
-3.39874
-3.39874
-3.39844
-3.39935
-3.39935
-3.39875
-3.39875
-3.3992
-3.39859
-3.39859
-3.39889
-3.39874
-3.39859
-3.39799
-3.39814
-3.39663
-3.39693
-3.39678
-3.39723
-3.39753
-3.39874
-3.39814
-3.39799
-3.39708
-3.39724
-3.39663
-3.39693
-3.39693
-3.39648
-3.39677
-3.39647
-3.39678
-3.39693
-3.39648
-3.39633
-3.39648
-3.39588
-3.39588
-3.39633
-3.39723
-3.39799
-3.39768
-3.39768
-3.39814
-3.39723
-3.39663
-3.39708
-3.39678
-3.39633
-3.39527
-3.39587
-3.39648
-3.39663
-3.39738
-3.39557
-3.39618
-3.39497
-3.39466
-3.39421
-3.39481
-3.3927
-3.3927
-3.39285
-3.3933
-3.3936
-3.3939
-3.3942
-3.39405
-3.39421
-3.39481
-3.39466
-3.39345
-3.39225
-3.3921
-3.3927
-3.3927
-3.3927
-3.393
-3.39254
-3.39269
-3.39239
-3.39148
-3.39178
-3.39088
-3.39043
-3.39042
-3.39043
-3.39103
-3.39118
-3.39028
-3.39103
-3.39088
-3.38967
-3.39058
-3.38952
-3.39072
-3.39178
-3.39193
-3.39254
-3.39193
-3.39194
-3.39178
-3.39224
-3.39254
-3.39299
-3.39405
-3.39284
-3.39345
-3.3939
-3.39375
-3.393
-3.39315
-3.39269
-3.39254
-3.39238
-3.39208
-3.39268
-3.39268
-3.39283
-3.39299
-3.3939
-3.39314
-3.39375
-3.3936
-3.39315
-3.3936
-3.39405
-3.39405
-3.39466
-3.39481
-3.39451
-3.39481
-3.39556
-3.39632
-3.39511
-3.39571
-3.39541
-3.39556
-3.3939
-3.3939
-3.3942
-3.3942
-3.39374
-3.39314
-3.39193
-3.39254
-3.39148
-3.39194
-3.39178
-3.39118
-3.39118
-3.39058
-3.38952
