-5.08766
-5.10039
-5.10936
-5.11344
-5.11208
-5.10564
-5.09274
-5.07557
-5.05575
-5.03376
-5.01387
-4.99844
-4.98696
-4.98312
-4.98763
-4.99836
-5.00754
-5.01359
-5.0099
-4.99665
-4.97735
-4.95374
-4.93065
-4.90939
-4.89165
-4.88132
-4.88083
-4.88926
-4.90548
-4.92557
-4.9455
-4.96129
-4.97256
-4.97864
-4.98474
-4.99081
-4.99937
-5.01262
-5.03021
-5.05272
-5.07661
-5.10212
-5.12424
-5.14089
-5.15209
-5.15459
-5.1455
-5.12662
-5.09706
-5.05902
-5.01977
-4.98165
-4.95181
-4.93196
-4.92257
-4.9241
-4.93473
-4.94922
-4.96728
-4.98517
-5.00186
-5.01413
-5.02089
-5.02281
-5.02203
-5.01979
-5.0203
-5.02387
-5.03243
-5.04774
-5.06736
-5.08591
-5.10308
-5.11249
-5.11329
-5.10395
-5.08711
-5.06364
-5.03907
-5.01889
-5.00682
-5.0051
-5.01316
-5.02723
-5.04608
-5.06618
-5.08606
-5.10796
-5.13196
-5.15621
-5.18078
-5.19915
-5.21052
-5.21052
-5.19879
-5.17953
-5.15896
-5.14161
-5.13307
-5.13265
-5.13651
-5.14233
-5.14855
-5.15481
-5.15661
-5.15937
-5.1583
-5.15218
-5.14177
-5.12504
-5.10343
-5.07819
-5.05472
-5.03512
-5.02199
-5.01279
-5.00477
-4.99813
-4.98893
-4.97788
-4.9664
-4.95404
-4.94453
-4.94138
-4.94561
-4.95722
-4.97274
-4.99084
-5.00784
-5.02353
-5.03574
-5.04414
-5.04633
-5.04203
-5.03267
-5.01856
-5.00503
-4.99323
-4.98674
-4.98533
-4.98932
-4.9959
-5.00343
-5.01065
-5.01624
-5.01922
-5.01999
-5.01911
-5.01519
-5.00953
-4.9999
-4.98833
-4.97369
-4.95601
-4.93649
-4.91901
-4.90345
-4.8936
-4.89288
-4.9039
-4.92586
-4.95833
-4.99522
-5.03441
-5.06973
-5.1005
-5.12367
-5.13871
-5.14571
-5.14409
-5.13121
-5.10926
-5.07809
-5.03814
-4.99176
-4.9443
-4.89785
-4.85726
-4.82803
-4.81516
-4.81576
-4.82866
-4.84956
-4.87624
-4.90604
-4.93745
-4.96808
-4.99789
-5.02602
-5.05098
-5.07216
-5.08534
-5.09529
-5.1015
-5.10564
-5.10635
-5.10349
-5.09439
-5.08152
-5.0623
-5.03853
-5.00958
-4.97885
-4.94713
-4.91376
-4.88242
-4.86008
-4.85134
-4.86014
-4.88137
-4.90997
-4.93929
-4.96341
-4.98077
-4.9911
-4.99669
-5.00551
-5.01756
-5.03273
-5.04653
-5.0554
-5.05839
-5.05359
-5.03898
-5.01981
-5.00374
-4.99652
-5.00156
-5.01754
-5.04087
-5.06578
-5.08583
-5.09684
-5.09872
-5.08972
-5.07271
-5.05031
-5.02858
-5.00902
-4.99207
-4.97917
-4.9687
-4.96063
-4.95198
-4.94429
-4.93857
-4.93454
-4.93302
-4.93348
-4.93675
-4.94411
-4.95303
-4.96404
-4.97417
-4.98407
-4.99238
-4.99874
-5.0035
-5.00813
-5.01225
-5.01553
-5.01882
-5.022
-5.02316
-5.02317
-5.02461
-5.02712
-5.0305
-5.03497
-5.03821
-5.04142
-5.04299
-5.04142
-5.04114
-5.04232
-5.04702
-5.05741
-5.06902
-5.08244
-5.09543
-5.10734
-5.1224
-5.13801
-5.15652
-5.17429
-5.18921
-5.20123
-5.20924
-5.2124
-5.21252
-5.20945
-5.204
-5.1975
-5.18882
-5.17943
-5.1677
-5.1551
-5.14275
-5.1295
-5.11495
-5.09838
-5.0758
-5.04907
-5.01918
-4.98807
-4.95697
-4.92863
-4.90403
-4.88157
-4.86059
-4.84721
-4.84444
-4.85026
-4.86329
-4.87991
-4.89578
-4.90926
-4.92024
-4.92872
-4.93614
-4.94334
-4.9528
-4.96292
-4.97338
-4.98274
-4.98797
-4.98931
-4.98547
-4.97725
-4.96501
-4.95108
-4.93633
-4.9261
-4.91985
-4.92053
-4.9264
-4.93548
-4.94884
-4.96405
-4.97884
-4.9917
-5.00176
-5.00566
-5.00574
-5.00302
-5.00285
-5.00741
-5.01816
-5.03419
-5.05307
-5.06873
-5.07806
-5.08124
-5.07899
-5.07128
-5.0599
-5.04576
-5.03184
-5.01569
-5.0017
-4.99292
-4.98785
-4.98918
-4.99295
-5.00135
-5.01426
-5.029
-5.04576
-5.06046
-5.07202
-5.07737
-5.07777
-5.07497
-5.06975
-5.06389
-5.05633
-5.04713
-5.03752
-5.02657
-5.01385
-4.99888
-4.98466
-4.96978
-4.95597
-4.94285
-4.93242
-4.92134
-4.91175
-4.90227
-4.89315
-4.88546
-4.88145
-4.88401
-4.89826
-4.92529
-4.96297
-5.00867
-5.05751
-5.10115
-5.13539
-5.15881
-5.16825
-5.16647
-5.15569
-5.1387
-5.11619
-5.094
-5.07072
-5.04858
-5.02891
-5.01251
-4.99984
-4.99016
-4.98776
-4.99137
-5.0007
-5.01363
-5.02885
-5.0458
-5.06217
-5.07896
-5.09304
-5.10251
-5.10461
-5.0999
-5.0884
-5.06754
-5.04158
-5.01205
-4.98047
-4.95108
-4.92915
-4.9202
-4.92935
-4.95619
-4.99616
-5.04126
-5.08289
-5.11448
-5.13351
-5.14116
-5.13956
-5.13244
-5.12381
-5.11402
-5.10344
-5.08906
-5.07158
-5.04932
-5.02498
-5.00001
-4.98144
-4.97288
-4.97951
-5.0009
-5.03163
-5.06442
-5.09369
-5.11439
-5.12359
-5.12541
-5.12138
-5.11498
-5.11095
-5.11215
-5.11685
-5.12179
-5.12221
-5.12061
-5.1179
-5.11519
-5.11429
-5.11482
-5.11393
-5.11032
-5.10184
-5.08664
-5.06585
-5.04043
-5.01201
-4.97896
-4.94036
-4.89988
-4.86653
-4.84357
-4.83649
-4.84456
-4.86781
-4.90182
-4.94523
-4.99357
-5.04188
-5.08584
-5.12468
-5.15248
-5.16619
-5.16683
-5.15231
-5.12404
-5.08438
-5.04013
-5.00008
-4.97813
-4.97831
-4.9955
-5.01997
-5.04213
-5.05958
-5.06992
-5.07165
-5.06401
-5.04691
-5.02429
-5.00213
-4.98414
-4.9735
-4.9708
-4.97347
-4.97986
-4.98814
-4.99514
-4.99958
-5.00031
-4.99799
-4.99262
-4.98612
-4.98049
-4.98068
-4.98616
-4.99694
-5.00825
-5.01905
-5.02758
-5.03263
-5.0313
-5.02227
-5.00577
-4.98217
-4.95083
-4.9142
-4.87442
-4.83419
-4.79596
-4.76219
-4.7377
-4.72478
-4.72596
-4.74083
-4.76652
-4.80175
-4.84268
-4.88389
-4.92222
-4.95765
-4.98837
-5.01288
-5.03088
-5.04357
-5.05074
-5.05235
-5.04896
-5.04101
-5.0292
-5.01493
-4.99961
-4.98612
-4.97986
-4.97937
-4.98748
-5.00065
-5.02071
-5.04603
-5.07568
-5.10446
-5.13171
-5.15502
-5.17018
-5.18001
-5.18396
-5.18082
-5.17323
-5.16383
-5.15393
-5.14646
-5.13911
-5.13267
-5.1277
-5.12207
-5.11444
-5.10379
-5.08795
-5.06689
-5.0429
-5.01717
-4.99413
-4.98042
-4.97435
-4.97453
-4.97878
-4.98311
-4.98901
-5.00099
-5.01978
-5.04476
-5.06932
-5.09115
-5.10466
-5.10899
-5.10411
-5.08863
-5.06724
-5.0409
-5.01136
-4.98423
-4.9611
-4.94688
-4.94243
-4.94914
-4.96302
-4.9794
-4.99551
-5.01095
-5.02358
-5.03463
-5.04466
-5.05192
-5.05841
-5.06109
-5.06055
-5.05712
-5.05216
-5.04692
-5.04325
-5.04325
-5.0447
-5.04906
-5.0558
-5.06541
-5.07754
-5.09004
-5.10388
-5.11394
-5.12046
-5.12284
-5.12102
-5.1173
-5.11125
-5.10438
-5.09572
-5.08373
-5.07058
-5.05489
-5.04194
-5.03111
-5.02484
-5.02376
-5.02636
-5.03089
-5.03503
-5.03834
-5.0388
-5.0357
-5.02894
-5.0174
-5.00229
-4.98339
-4.9627
-4.93965
-4.91802
-4.89907
-4.88536
-4.88023
-4.88647
-4.90154
-4.92296
-4.94792
-4.97646
-5.00737
-5.04092
-5.07649
-5.10998
-5.13951
-5.16407
-5.1796
-5.18534
-5.18181
-5.16692
-5.14197
-5.10826
-5.06748
-5.02399
-4.98069
-4.93993
-4.90492
-4.8778
-4.85768
-4.84537
-4.84105
-4.84385
-4.85435
-4.87108
-4.8913
-4.91566
-4.94209
-4.96829
-4.99311
-5.01201
-5.02783
-5.03794
-5.045
-5.05149
-5.05754
-5.0686
-5.08167
-5.09898
-5.12167
-5.14576
-5.1686
-5.1862
-5.19707
-5.19904
-5.19199
-5.17774
-5.1616
-5.14787
-5.14064
-5.13837
-5.13753
-5.13302
-5.12155
-5.10223
-5.07551
-5.04693
-5.01912
-5.0005
-4.99462
-4.99762
-5.00741
-5.01797
-5.02686
-5.03316
-5.03882
-5.04153
-5.04363
-5.04399
-5.04188
-5.03675
-5.02292
-5.00246
-4.97371
-4.9389
-4.90509
-4.87999
-4.86775
-4.87225
-4.88909
-4.91354
-4.93868
-4.96219
-4.97905
-4.99161
-4.99853
-5.0001
-4.99806
-4.99813
-4.99823
-4.99995
-5.00333
-5.00977
-5.01954
-5.03339
-5.05152
-5.072
-5.09465
-5.11529
-5.12924
-5.1329
-5.12726
-5.10897
-5.08335
-5.05509
-5.02655
-4.99715
-4.9678
-4.93822
-4.90991
-4.89
-4.88094
-4.88581
-4.90094
-4.92243
-4.94609
-4.97074
-4.99247
-5.01176
-5.03122
-5.04902
-5.06564
-5.08016
-5.08991
-5.09699
-5.09979
-5.09837
-5.09771
-5.09731
-5.09807
-5.1008
-5.10519
-5.10959
-5.11318
-5.11772
-5.12245
-5.13152
-5.14342
-5.1586
-5.1719
-5.18061
-5.18506
-5.18306
-5.17654
-5.169
-5.16055
-5.14897
-5.13822
-5.12697
-5.11458
-5.1026
-5.08921
-5.07601
-5.0623
-5.04896
-5.03434
-5.02059
-5.00768
-4.99757
-4.99174
-4.98762
-4.98515
-4.98181
-4.97396
-4.96091
-4.9432
-4.92491
-4.90967
-4.90431
-4.90987
-4.9283
-4.95575
-4.98979
-5.02525
-5.06001
-5.08909
-5.11082
-5.12548
-5.13308
-5.13344
-5.13013
-5.12462
-5.11729
-5.10865
-5.09745
-5.0836
-5.06372
-5.04159
-5.01723
-4.99575
-4.9808
-4.97612
-4.97863
-4.98743
-4.99671
-5.00369
-5.0032
-4.99571
-4.98146
-4.96425
-4.95049
-4.94303
-4.94446
-4.9523
-4.9625
-4.972
-4.97776
-4.97731
-4.97226
-4.96381
-4.95383
-4.94381
-4.93495
-4.93032
-4.93087
-4.93439
-4.94124
-4.9508
-4.96042
-4.97047
-4.98051
-4.99289
-5.00583
-5.01852
-5.03125
-5.0397
-5.04764
-5.05005
-5.04958
-5.04584
-5.04108
-5.03261
-5.02618
-5.02052
-5.01655
-5.01471
-5.016
-5.02113
-5.0297
-5.04177
-5.0561
-5.06943
-5.07912
-5.084
-5.08332
-5.07562
-5.05927
-5.03578
-5.00758
-4.97677
-4.94841
-4.92456
-4.90661
-4.89612
-4.88947
-4.8874
-4.88974
-4.89613
-4.90674
-4.91921
-4.93104
-4.94304
-4.95125
-4.9549
-4.95751
-4.95612
-4.95672
-4.95884
-4.96347
-4.97305
-4.98605
-5.00332
-5.02255
-5.04317
-5.06352
-5.0832
-5.10152
-5.11384
-5.12198
-5.12171
-5.1109
-5.08899
-5.05827
-5.01929
-4.97612
-4.9328
-4.89462
-4.86844
-4.85731
-4.86332
-4.88363
-4.91364
-4.94536
-4.97772
-5.0064
-5.03102
-5.05274
-5.07108
-5.08626
-5.09986
-5.11068
-5.11787
-5.12153
-5.12115
-5.11674
-5.10711
-5.09651
-5.08244
-5.06649
-5.04695
-5.02832
-5.01076
-4.99542
-4.98364
-4.9763
-4.97232
-4.97254
-4.97179
-4.97209
-4.97098
-4.96876
-4.96668
-4.96378
-4.96082
