1.69422
1.7068
1.71576
1.72015
1.71924
1.71264
1.7005
1.68363
1.66367
1.64274
1.62299
1.60636
1.59488
1.59074
1.5948
1.60462
1.6147
1.61923
1.61494
1.60184
1.58239
1.55984
1.53691
1.51549
1.49776
1.48697
1.48618
1.49551
1.51204
1.53182
1.55114
1.56694
1.57791
1.58505
1.59069
1.59722
1.60654
1.62009
1.63844
1.66094
1.68589
1.71095
1.73367
1.75168
1.76273
1.76477
1.75628
1.73665
1.70679
1.66951
1.62935
1.5917
1.5614
1.54155
1.53307
1.5349
1.54478
1.56002
1.57792
1.59596
1.6119
1.62387
1.63077
1.63269
1.63101
1.62817
1.62717
1.63074
1.64051
1.65627
1.67574
1.69535
1.71131
1.72056
1.72121
1.71262
1.69564
1.67293
1.64896
1.62908
1.61762
1.61635
1.62426
1.63863
1.65657
1.67622
1.69701
1.71921
1.74306
1.76776
1.79112
1.80979
1.82025
1.81995
1.80867
1.78941
1.76809
1.75135
1.74311
1.74284
1.74731
1.75343
1.75949
1.76485
1.76906
1.77137
1.7706
1.76539
1.75452
1.7375
1.71528
1.6905
1.66672
1.64713
1.63294
1.62313
1.61541
1.60756
1.59821
1.58701
1.57462
1.56271
1.55382
1.55066
1.5549
1.56605
1.58187
1.59967
1.61727
1.63311
1.64577
1.65387
1.65621
1.65237
1.643
1.62996
1.61598
1.60418
1.59708
1.59567
1.5992
1.60579
1.61331
1.62023
1.62567
1.62925
1.63078
1.63005
1.62689
1.62108
1.61235
1.60048
1.58554
1.56801
1.54894
1.5301
1.51409
1.50409
1.50322
1.51364
1.53575
1.56776
1.60585
1.6452
1.68127
1.71114
1.7337
1.74874
1.75574
1.75367
1.74154
1.71914
1.68721
1.64726
1.60149
1.55297
1.50592
1.46548
1.43656
1.42218
1.42247
1.43507
1.45642
1.4831
1.51259
1.5434
1.57463
1.60535
1.63423
1.65949
1.67962
1.69401
1.70335
1.70911
1.71235
1.71291
1.70974
1.70169
1.68822
1.66946
1.64599
1.61855
1.58782
1.55474
1.52122
1.49094
1.46921
1.46123
1.46912
1.49034
1.51894
1.5481
1.57238
1.58898
1.5987
1.60551
1.61419
1.62699
1.6423
1.6564
1.66572
1.66781
1.66149
1.64734
1.62862
1.61166
1.60369
1.60887
1.62591
1.64969
1.67429
1.69449
1.70625
1.70738
1.69808
1.68078
1.65913
1.63695
1.61708
1.60089
1.58829
1.57828
1.56975
1.56201
1.55507
1.54936
1.54532
1.54336
1.54382
1.54709
1.55339
1.56246
1.57331
1.5845
1.59455
1.60256
1.60847
1.61292
1.61665
1.62017
1.62344
1.62613
1.62795
1.62896
1.62973
1.63102
1.63338
1.63676
1.64062
1.64416
1.64662
1.64759
1.64737
1.64725
1.64918
1.65479
1.66427
1.67633
1.68915
1.70169
1.71435
1.72835
1.74442
1.76202
1.77949
1.79485
1.80658
1.81399
1.81714
1.81666
1.81344
1.80829
1.80164
1.79356
1.78402
1.7732
1.7615
1.74931
1.73651
1.72226
1.70509
1.68356
1.65729
1.62755
1.59674
1.56715
1.54002
1.51558
1.49387
1.47561
1.46284
1.4584
1.46377
1.4771
1.49402
1.51034
1.52382
1.5342
1.54238
1.54965
1.5573
1.56616
1.57628
1.58673
1.59579
1.60148
1.60221
1.59732
1.58728
1.57369
1.55885
1.54531
1.53523
1.53004
1.53026
1.53568
1.54551
1.55857
1.57333
1.58797
1.60052
1.60922
1.61312
1.61275
1.61033
1.60941
1.61351
1.62442
1.6409
1.65917
1.67483
1.68477
1.68794
1.68494
1.67709
1.6657
1.65186
1.63658
1.62119
1.60751
1.59752
1.5926
1.59303
1.59815
1.60716
1.61946
1.63435
1.65036
1.6652
1.67661
1.68318
1.68479
1.68243
1.67752
1.67121
1.66395
1.65551
1.64544
1.63358
1.62026
1.60605
1.59152
1.57709
1.56313
1.55001
1.53807
1.52745
1.51785
1.50883
1.50031
1.49323
1.48982
1.49329
1.50694
1.53291
1.57074
1.61674
1.66497
1.70906
1.74391
1.76657
1.77646
1.77484
1.76406
1.74677
1.72547
1.70238
1.6794
1.65801
1.63909
1.623
1.61018
1.60171
1.59886
1.60216
1.61089
1.62352
1.63858
1.65508
1.67206
1.68824
1.70186
1.71088
1.71359
1.70887
1.69646
1.67681
1.65101
1.62087
1.58915
1.55976
1.53783
1.52904
1.53774
1.56442
1.60438
1.64932
1.69065
1.72209
1.74081
1.74741
1.74506
1.73794
1.72916
1.71967
1.70864
1.69471
1.67692
1.65512
1.63033
1.60551
1.58589
1.57763
1.58457
1.60565
1.63562
1.6678
1.69631
1.71701
1.72788
1.72939
1.72461
1.71836
1.71509
1.71645
1.72084
1.72517
1.7271
1.72611
1.7234
1.72069
1.71919
1.7188
1.71806
1.71461
1.70613
1.69137
1.67075
1.64562
1.61674
1.58354
1.54586
1.50659
1.47203
1.44892
1.44109
1.44916
1.47195
1.50702
1.55088
1.59952
1.64889
1.69495
1.73364
1.76129
1.77531
1.77458
1.75946
1.73134
1.69274
1.6488
1.60951
1.58741
1.5882
1.60583
1.62969
1.65246
1.67036
1.681
1.68258
1.67449
1.65784
1.63582
1.61322
1.59493
1.58398
1.58068
1.58334
1.58958
1.59711
1.60396
1.60855
1.60973
1.60711
1.60129
1.59418
1.58886
1.58844
1.59408
1.60395
1.61495
1.625
1.63322
1.63842
1.6383
1.63048
1.61382
1.58886
1.55723
1.5209
1.48187
1.44211
1.40403
1.37086
1.34638
1.33391
1.33524
1.35026
1.37716
1.41268
1.45271
1.49331
1.53163
1.56616
1.59613
1.62094
1.64
1.65298
1.66001
1.66147
1.65778
1.64937
1.63696
1.62193
1.60661
1.59403
1.58702
1.58713
1.59449
1.60857
1.62878
1.6541
1.68269
1.71192
1.73901
1.76157
1.77794
1.78747
1.79037
1.78767
1.781
1.7722
1.76305
1.75483
1.74809
1.74271
1.73803
1.73301
1.72613
1.71564
1.70009
1.67919
1.65429
1.62857
1.60628
1.59121
1.58484
1.58547
1.58957
1.59465
1.60131
1.61268
1.63118
1.65555
1.68117
1.70269
1.7162
1.71992
1.71383
1.69896
1.67696
1.65002
1.62094
1.5932
1.57068
1.55676
1.55322
1.55948
1.57275
1.58928
1.60584
1.62068
1.63346
1.64451
1.65408
1.66195
1.66753
1.67021
1.66967
1.66625
1.66114
1.65605
1.65253
1.65148
1.65308
1.65728
1.66417
1.67378
1.68576
1.69902
1.7118
1.72216
1.72868
1.73091
1.72939
1.72522
1.71932
1.712
1.70288
1.6915
1.67804
1.66372
1.65047
1.64024
1.63428
1.63274
1.63489
1.63926
1.64416
1.64792
1.64899
1.64618
1.63882
1.62683
1.61066
1.5913
1.57002
1.54802
1.52654
1.50745
1.49373
1.48876
1.49424
1.509
1.53012
1.55508
1.58286
1.61347
1.64672
1.68139
1.71517
1.74531
1.76927
1.78509
1.79144
1.78746
1.77287
1.74807
1.71436
1.67404
1.63025
1.58649
1.54603
1.51133
1.48375
1.46379
1.45163
1.44746
1.45116
1.46196
1.47854
1.49952
1.52357
1.54925
1.5747
1.59786
1.61706
1.63152
1.64163
1.64869
1.65457
1.66123
1.67048
1.6837
1.70146
1.72324
1.74719
1.77017
1.78853
1.79909
1.80016
1.79219
1.77795
1.76182
1.74839
1.74056
1.73798
1.73729
1.73369
1.72311
1.70379
1.67693
1.64684
1.61979
1.60163
1.59499
1.59828
1.60717
1.61728
1.62601
1.63262
1.63736
1.64083
1.64338
1.64465
1.6433
1.63726
1.62434
1.60312
1.57391
1.53957
1.50576
1.47975
1.46767
1.47156
1.48855
1.51269
1.53798
1.56043
1.57835
1.59122
1.59873
1.60122
1.60038
1.59879
1.59844
1.60016
1.60415
1.61074
1.62065
1.63466
1.65294
1.67462
1.69742
1.71791
1.73216
1.73688
1.73034
1.7131
1.68808
1.65938
1.63038
1.60204
1.57329
1.54372
1.51587
1.4949
1.48569
1.48981
1.50478
1.52611
1.54963
1.57276
1.59449
1.6147
1.63355
1.6512
1.66736
1.68127
1.69194
1.69856
1.70121
1.701
1.69973
1.69918
1.7004
1.70343
1.70751
1.71176
1.7158
1.72019
1.72629
1.73536
1.74755
1.76137
1.77422
1.78353
1.78768
1.78644
1.78082
1.77252
1.76302
1.75295
1.7422
1.7305
1.71796
1.70492
1.69168
1.67817
1.66417
1.64962
1.63484
1.62065
1.60804
1.59793
1.59089
1.58676
1.58414
1.58035
1.57249
1.55914
1.54143
1.52299
1.50882
1.50361
1.51023
1.5288
1.55701
1.59104
1.62681
1.66066
1.68974
1.71207
1.72673
1.73388
1.73485
1.73153
1.72573
1.71855
1.71006
1.69946
1.68545
1.66709
1.64466
1.62045
1.59852
1.58327
1.57738
1.58049
1.58944
1.59962
1.60645
1.60657
1.59877
1.58453
1.56777
1.55371
1.54656
1.54769
1.55537
1.56602
1.57567
1.58128
1.58143
1.57638
1.56748
1.5566
1.54582
1.53726
1.53263
1.53274
1.53716
1.54461
1.55372
1.56364
1.57414
1.58525
1.59702
1.60935
1.6219
1.63387
1.64413
1.65147
1.65508
1.65492
1.65163
1.64626
1.63991
1.63348
1.62767
1.62326
1.62111
1.6221
1.62693
1.63564
1.64757
1.66129
1.67477
1.68566
1.69176
1.69123
1.68292
1.66657
1.64308
1.61458
1.58423
1.55572
1.53217
1.51513
1.50433
1.49859
1.49698
1.49931
1.5057
1.51571
1.52803
1.54077
1.55201
1.56037
1.56523
1.56693
1.56661
1.56599
1.56706
1.57153
1.58052
1.59412
1.61138
1.63077
1.65093
1.67098
1.6902
1.70747
1.72099
1.72853
1.72781
1.71714
1.69599
1.66513
1.62659
1.58358
1.54042
1.50254
1.47576
1.46463
1.47048
1.49064
1.51975
1.55222
1.58397
1.6128
1.63787
1.65914
1.67703
1.69221
1.7052
1.71587
1.72336
1.72672
1.72558
1.72043
1.712
1.7008
1.68703
1.67093
1.65305
1.63443
1.61657
1.60122
1.58989
1.58316
1.58038
1.58001
1.58031
1.58015
1.57919
1.57758
1.5755
1.57321
1.57131
