1.97
1.96811
1.96237
1.95239
1.93744
1.91644
1.88794
1.85012
1.80103
1.73886
1.66253
1.57241
1.47121
1.36459
1.26074
1.1687
1.09593
1.04638
1.02003
1.01372
1.02257
1.04118
1.06446
1.08817
1.10919
1.12568
1.13703
1.14379
1.1473
1.14912
1.1505
1.1519
1.15292
1.15245
1.14902
1.14119
1.12814
1.1103
1.08945
1.06835
1.04964
1.03489
1.02431
1.01745
1.01396
1.014
1.01797
1.02586
1.0369
1.04956
1.06193
1.07212
1.07869
1.08078
1.07821
1.07161
1.0625
1.05304
1.04521
1.04015
1.03792
1.03804
1.03999
1.04345
1.04806
1.05319
1.05788
1.06107
1.06209
1.06118
1.05956
1.059
1.06099
1.06606
1.07356
1.08208
1.08998
1.09617
1.10046
1.10355
1.10628
1.10884
1.11042
1.10987
1.10674
1.10183
1.09661
1.09246
1.09009
1.08973
1.09131
1.09452
1.09875
1.10315
1.1067
1.10841
1.10753
1.10363
1.09663
1.08687
1.07501
1.06172
1.04759
1.03301
1.01865
1.00573
0.996027
0.991197
0.992082
0.998631
1.01023
1.02573
1.04313
1.05983
1.07338
1.08225
1.08592
1.08478
1.07988
1.07264
1.06461
1.05708
1.05064
1.0451
1.03976
1.03428
1.02924
1.0261
1.02636
1.03095
1.04009
1.05352
1.07055
1.08995
1.10992
1.12833
1.14321
1.1534
1.15881
1.16059
1.16078
1.16136
1.16298
1.16448
1.16365
1.15874
1.14965
1.13818
1.12735
1.11991
1.11698
1.11775
1.12032
1.12252
1.12241
1.11829
1.10891
1.09388
1.07436
1.05364
1.03664
1.02755
1.02709
1.03216
1.03853
1.04374
1.04814
1.05376
1.06236
1.07398
1.08704
1.09958
1.11061
1.12047
1.13002
1.13933
1.1473
1.15268
1.15485
1.15387
1.14995
1.14339
1.13497
1.12626
1.11938
1.11656
1.11944
1.12829
1.14154
1.15627
1.16959
1.17978
1.18645
1.18995
1.19055
1.18808
1.18191
1.17129
1.1558
1.13571
1.11226
1.08756
1.06401
1.04352
1.02696
1.01441
1.00592
1.00215
1.00424
1.01297
1.02757
1.04548
1.06341
1.07882
1.09061
1.09902
1.10509
1.10992
1.11418
1.11796
1.12081
1.12207
1.12129
1.11836
1.11361
1.10747
1.10032
1.09249
1.0845
1.07726
1.07209
1.07027
1.07252
1.07858
1.08716
1.09636
1.10439
1.11023
1.11383
1.11603
1.11803
1.12076
1.12441
1.12841
1.1318
1.13384
1.13437
1.13379
1.13266
1.13128
1.12969
1.12772
1.12504
1.12111
1.11524
1.10701
1.09682
1.0861
1.07638
1.06813
1.06035
1.05159
1.04088
1.02813
1.01391
0.999361
0.986041
0.975571
0.969208
0.9676
0.970757
0.97837
0.990027
1.0052
1.02308
1.04238
1.06145
1.07869
1.09302
1.10412
1.11234
1.11845
1.12332
1.12762
1.13168
1.13555
1.13901
1.14171
1.14337
1.14382
1.143
1.14077
1.13687
1.13093
1.12283
1.11296
1.1025
1.09354
1.08886
1.091
1.10057
1.11506
1.12976
1.14012
1.14354
1.13976
1.13029
1.11747
1.10376
1.09118
1.08098
1.07354
1.06826
1.06405
1.06008
1.05622
1.05305
1.05141
1.05198
1.05498
1.06002
1.06624
1.07252
1.0779
1.08186
1.08438
1.08582
1.08652
1.08668
1.08642
1.08576
1.0846
1.0827
1.0796
1.07487
1.0686
1.06178
1.05621
1.05385
1.05596
1.0627
1.07307
1.08539
1.09783
1.10899
1.11822
1.12577
1.13261
1.13999
1.14892
1.15974
1.17198
1.18442
1.19521
1.20218
1.20321
1.19692
1.18327
1.16408
1.14252
1.12197
1.10506
1.09373
1.08956
1.09301
1.10246
1.11447
1.12549
1.1331
1.13624
1.13475
1.12877
1.11847
1.10468
1.08955
1.07644
1.06872
1.06815
1.0741
1.08402
1.09495
1.10466
1.11214
1.11727
1.12051
1.12263
1.12433
1.12606
1.12788
1.12954
1.13087
1.13201
1.13358
1.13627
1.14039
1.14562
1.15114
1.15613
1.16024
1.16345
1.16563
1.16597
1.16309
1.15575
1.1439
1.12911
1.11422
1.10226
1.09517
1.09321
1.09511
1.09871
1.10176
1.10247
1.09998
1.09456
1.08755
1.08092
1.07648
1.07525
1.07707
1.08061
1.08385
1.0849
1.08295
1.07857
1.07351
1.06997
1.0697
1.07357
1.08158
1.09298
1.10612
1.11864
1.12813
1.13308
1.13334
1.13004
1.12511
1.1206
1.11808
1.11818
1.1205
1.12381
1.12651
1.12704
1.12439
1.11834
1.10954
1.09932
1.0894
1.08141
1.07656
1.07536
1.07739
1.0813
1.08509
1.08674
1.08486
1.07912
1.07046
1.0607
1.05181
1.04513
1.04084
1.03819
1.0361
1.03381
1.03125
1.02921
1.02892
1.03126
1.03613
1.04251
1.04919
1.05546
1.06133
1.06728
1.07372
1.08033
1.08603
1.08955
1.09036
1.08904
1.08723
1.08707
1.09053
1.09874
1.11165
1.12819
1.14661
1.16501
1.18159
1.19471
1.20293
1.20514
1.20075
1.18998
1.17405
1.15518
1.13628
1.12023
1.10898
1.10288
1.10079
1.10079
1.10094
1.09963
1.09579
1.08926
1.08114
1.07301
1.06589
1.0599
1.05522
1.05285
1.05425
1.06037
1.07102
1.08495
1.10041
1.11557
1.12875
1.1383
1.14279
1.14125
1.13349
1.12049
1.10427
1.0873
1.07147
1.05755
1.04542
1.03511
1.02757
1.02472
1.02847
1.03911
1.05459
1.0713
1.08577
1.09588
1.10101
1.10159
1.09848
1.09253
1.08431
1.07423
1.0629
1.05139
1.04091
1.03197
1.0238
1.01487
1.00431
0.993232
0.984981
0.983735
0.99224
1.01011
1.03388
1.05857
1.07942
1.09303
1.09764
1.09293
1.0797
1.0596
1.03504
1.00911
0.98519
0.966356
0.954816
0.951623
0.956747
0.969262
0.987394
1.00873
1.03063
1.05082
1.06772
1.0805
1.08868
1.09199
1.09063
1.08555
1.0783
1.0706
1.06388
1.0592
1.05742
1.05935
1.06545
1.07524
1.08704
1.09826
1.10625
1.10942
1.10776
1.10289
1.09734
1.09356
1.09293
1.09539
1.09974
1.10443
1.10817
1.11014
1.10974
1.10637
1.09956
1.08925
1.07612
1.06184
1.04877
1.03938
1.03558
1.03823
1.04719
1.06154
1.07997
1.10094
1.12277
1.14374
1.16204
1.1757
1.1829
1.18239
1.17407
1.1592
1.1404
1.12124
1.10553
1.09645
1.09555
1.10205
1.11294
1.12414
1.13233
1.13591
1.13521
1.13205
1.12895
1.12817
1.13081
1.13633
1.14272
1.14726
1.14761
1.14268
1.13343
1.12262
1.11319
1.10596
1.09901
1.08999
1.07842
1.06593
1.05464
1.0457
1.03903
1.03419
1.03154
1.03255
1.03846
1.04827
1.05865
1.06614
1.06908
1.06796
1.06455
1.06089
1.05825
1.05667
1.05506
1.05179
1.04546
1.03553
1.02268
1.00869
0.995956
0.98655
0.981573
0.981094
0.984695
0.992152
1.00361
1.01924
1.03855
1.05998
1.08096
1.09862
1.11075
1.11658
1.11698
1.1137
1.10853
1.10255
1.09627
1.08996
1.08396
1.07877
1.0751
1.07352
1.07428
1.07713
1.08178
1.08811
1.09613
1.10556
1.11554
1.12459
1.13115
1.13397
1.13243
1.12659
1.11696
1.1043
1.08952
1.07385
1.05887
1.04624
1.03731
1.03276
1.03262
1.03653
1.0439
1.0538
1.06502
1.07616
1.08584
1.09302
1.09711
1.09794
1.09558
1.09021
1.08209
1.0716
1.05935
1.04625
1.0338
1.02428
1.02053
1.02468
1.03645
1.05222
1.06632
1.07358
1.0714
1.06053
1.04466
1.02918
1.01875
1.01494
1.01612
1.01961
1.02377
1.02826
1.03336
1.03923
1.04573
1.05241
1.05866
1.06396
1.06805
1.07115
1.07373
1.07584
1.07683
1.07588
1.07304
1.06955
1.06725
1.06757
1.07095
1.07684
1.08418
1.0919
1.09924
1.10581
1.11147
1.11596
1.11851
1.11788
1.11294
1.10342
1.09041
1.07606
1.06277
1.05212
1.04468
1.04036
1.03906
1.04082
1.04547
1.05217
1.05926
1.0647
1.06708
1.06639
1.06421
1.0633
1.06648
1.0754
1.08982
1.10806
1.128
1.14772
1.16553
1.1799
1.18955
1.19361
1.19206
1.18627
1.17953
1.17618
1.17902
1.18698
1.19593
1.20143
1.20051
1.19202
1.17659
1.15646
1.13492
1.11514
1.09926
1.08805
1.08126
1.07801
1.07708
1.07731
1.07809
1.07953
1.08217
1.08624
1.0911
1.09552
1.0988
1.10127
1.10365
1.10598
1.10766
1.1082
1.1074
1.10535
1.10235
1.09905
1.09634
1.09498
1.09512
1.09615
1.0969
1.09621
1.09338
1.08837
1.08161
1.07368
1.06535
1.05789
1.05319
1.05281
1.0565
1.06182
1.06533
1.06446
1.05851
1.04856
1.03659
1.02432
1.01281
1.00286
0.995519
0.992184
0.994113
1.00193
1.01541
1.03361
1.05521
1.07872
1.10254
1.12485
1.1437
1.15715
1.16383
1.16346
1.15714
1.14718
1.13655
1.12815
1.12417
1.12568
1.13229
1.14225
1.15293
1.16182
1.16731
1.16885
1.16674
1.16161
1.15403
1.14439
1.13301
1.12028
1.10669
1.09267
1.07844
1.06386
1.04857
1.03226
1.01528
0.999101
0.986417
0.98038
0.983176
0.994784
1.01277
1.03321
1.05209
1.0666
1.07569
1.08003
1.08141
1.08181
1.08263
1.08423
1.08608
1.08725
1.08684
1.08429
1.07952
1.0732
1.0671
1.06412
1.06699
1.07621
1.08902
1.10087
1.10784
1.10809
1.10208
1.09213
1.08174
1.07443
1.07253
1.07652
1.08523
1.09669
1.10893
1.12038
1.13014
1.13789
1.14379
1.14816
1.15129
1.15326
1.15395
1.15307
1.15026
1.14535
1.13858
1.13065
1.12268
1.11582
1.11093
1.10834
1.10778
1.10824
1.10829
1.10655
1.10234
1.09598
1.08879
1.08251
1.07864
1.07776
1.07935
1.0821
1.08455
1.08562
1.08493
1.08263
1.07886
1.07341
1.06572
1.05555
1.04377
1.0331
1.02781
1.03236
1.04909
1.07674
1.11069
1.14491
1.17398
1.19418
1.20391
1.20376
1.19621
1.1849
1.17365
1.16511
1.16003
1.15754
1.15583
1.15312
1.14817
1.14036
1.1298
1.11731
1.10451
1.09371
1.08722
1.08615
1.08947
1.09458
1.09896
1.10166
1.10333
1.1049
1.10636
1.10695
1.10611
1.1041
1.10183
1.10048
1.10108
1.10422
1.10978
1.11681
1.12388
1.12971
1.13367
1.13579
1.13639
1.13553
1.13274
1.12731
1.11886
1.10788
1.09571
1.08395
1.07357
1.06448
1.05572
1.04611
1.03487
1.02212
1.00914
0.998141
0.991406
0.990181
0.994112
1.00147
1.0099
1.01707
1.02121
1.0213
1.01722
1.00955
0.999547
0.989002
0.98019
0.975381
0.975764
0.980703
0.988464
0.997681
1.00786
1.01897
1.03067
1.04212
1.05212
1.05952
1.06369
1.06477
1.06364
1.0615
1.05921
1.05695
1.05438
1.05133
1.04835
1.04673
1.04803
1.05332
1.06273
1.07525
1.08912
1.10247
1.11391
1.12265
1.12856
1.13206
1.13399
1.13546
1.13731
1.13982
1.14262
1.14508
1.14667
1.14716
1.14657
1.145
1.14266
1.1398
1.13669
1.13357
1.13041
1.12676
1.12186
1.11494
1.10561
1.09405
1.08104
1.06773
1.05544
1.04535
1.03829
1.0346
1.03405
1.03595
1.03933
1.04329
1.04725
1.05108
1.05504
1.05928
1.06353
1.06715
1.06953
1.07056
1.07082
1.07148
1.07372
1.07815
1.08447
1.09158
1.09815
1.1031
1.10589
1.10643
1.10508
1.10251
1.09969
1.09798
1.09901
1.10422
1.11369
1.12569
1.13766
1.14778
1.15568
1.16209
1.16787
1.17312
1.17667
1.17635
1.17031
1.15824
1.14189
1.12444
1.10946
1.09987
1.09688
1.09943
1.10508
1.11151
1.11754
1.12305
1.12843
1.13405
1.13993
1.14568
1.15054
1.15365
1.15409
1.15112
1.1443
1.13357
1.11925
1.1021
1.08338
1.06497
1.04936
1.03928
1.03664
1.04148
1.05161
1.06374
1.07517
1.08517
1.09514
1.10722
1.12239
1.13974
1.1575
1.17413
1.1883
1.19865
1.20395
1.20343
1.19708
1.18552
1.16987
1.15133
1.13099
1.10975
1.08877
1.07062
1.05977
1.06016
1.07099
1.08661
1.10125
1.11229
1.1198
1.12476
1.12789
1.12928
1.12856
1.12527
1.11915
1.11039
1.09979
1.08859
1.07796
1.06857
1.06043
1.05321
1.04666
1.04079
1.03602
1.03321
1.03334
1.03702
1.04393
1.05278
1.0618
1.06939
1.07451
1.07677
1.07645
1.0743
1.07139
1.06868
1.06677
1.06573
1.06538
1.06559
1.06654
1.06872
1.07261
1.07834
1.08544
1.09285
1.09924
1.10334
1.1042
1.10158
1.09618
1.08986
1.08518
1.08464
1.08939
1.09852
1.10938
1.11874
1.12388
1.12334
1.11703
1.10599
1.09187
1.07649
1.06143
1.04785
1.03655
1.02818
1.02348
1.02313
1.02734
1.03536
1.04549
1.05556
1.06365
1.06845
1.06923
1.06577
1.05827
1.04732
1.0339
1.0196
1.00669
0.997842
0.994917
0.997807
1.00459
1.0129
1.02123
1.02932
1.03767
1.04667
1.05616
1.06581
1.07557
1.08594
1.0975
1.1104
1.12418
1.13798
1.15092
1.16223
1.17137
1.17799
1.1819
1.1831
1.18172
1.1781
1.17267
1.166
1.15881
1.15187
1.14596
1.14155
1.13858
1.13626
1.13329
1.12839
1.12071
1.10999
1.09661
1.08142
1.06553
1.04995
1.03541
1.02237
1.01134
1.00296
0.997801
0.995985
0.997008
1.00005
1.00471
1.0115
1.02164
1.03617
1.05509
1.07695
1.0993
1.11941
1.13501
1.14485
1.14902
1.14892
1.14676
1.14461
1.14356
1.14371
1.14447
1.14498
1.14441
1.14221
1.13832
1.13325
1.128
1.12381
1.12173
1.12223
1.12476
1.12781
1.12937
1.12773
1.12214
1.11335
1.10363
1.09602
1.0928
1.09455
1.10023
1.10793
1.11536
1.12056
1.12264
1.12194
1.11954
1.11649
1.11326
1.10954
1.10449
1.0972
1.08724
1.07514
1.06255
1.05187
1.04533
1.04401
1.04729
1.05308
1.05866
1.06193
1.06201
1.05953
1.05618
1.05404
1.0547
1.05864
1.06515
1.07263
1.07912
1.08284
1.08245
1.07721
1.06705
1.05266
1.03539
1.01713
1.00007
0.98633
0.977532
0.974302
0.975953
0.980769
0.986871
0.993111
0.999382
1.00643
1.01545
1.02745
1.0426
1.05971
1.07637
1.08984
1.09809
1.10052
1.09802
1.09272
1.08718
1.08348
1.08261
1.08455
1.08874
1.09463
1.10187
1.11024
1.11936
1.12845
1.13634
1.14165
1.14317
1.14029
1.13342
1.12427
1.11562
1.11019
1.1093
1.11239
1.11753
1.12247
1.1253
1.12479
1.12041
1.11228
1.10074
1.08619
1.06899
1.04969
1.02937
1.0099
0.993769
0.983343
0.980091
0.984096
0.994084
1.00792
1.02321
1.03782
1.05003
1.05854
1.06262
1.06229
1.05835
1.05213
1.0452
1.039
1.03473
1.03309
1.03429
1.03795
1.04333
1.04949
1.05552
1.06075
1.06488
1.06821
1.07151
1.07579
1.08181
1.08975
1.09931
1.10985
