-6.75939
-6.73816
-6.71644
-6.69657
-6.68398
-6.68197
-6.6933
-6.71474
-6.74765
-6.78464
-6.82139
-6.84989
-6.86936
-6.87211
-6.86489
-6.84886
-6.82291
-6.79246
-6.76188
-6.73543
-6.71427
-6.70206
-6.69564
-6.69447
-6.69607
-6.69722
-6.6958
-6.69388
-6.68845
-6.68155
-6.67378
-6.66099
-6.64682
-6.62939
-6.60912
-6.59195
-6.58134
-6.57655
-6.57896
-6.59345
-6.61507
-6.64275
-6.67107
-6.69645
-6.71925
-6.73504
-6.747
-6.75648
-6.76289
-6.76735
-6.7697
-6.76584
-6.75736
-6.74352
-6.73066
-6.7173
-6.70932
-6.70607
-6.70943
-6.71698
-6.73176
-6.75306
-6.77607
-6.79586
-6.81462
-6.82738
-6.83098
-6.82946
-6.82097
-6.80548
-6.7913
-6.77867
-6.76811
-6.76051
-6.75624
-6.75289
-6.74975
-6.74638
-6.74127
-6.73428
-6.72374
-6.71443
-6.70411
-6.69386
-6.68678
-6.67795
-6.6737
-6.67037
-6.66644
-6.66362
-6.65963
-6.65637
-6.65013
-6.64543
-6.64271
-6.63947
-6.63972
-6.63989
-6.64305
-6.6573
-6.67499
-6.69918
-6.72499
-6.74756
-6.76562
-6.77915
-6.78526
-6.78531
-6.78118
-6.77495
-6.76569
-6.75285
-6.73861
-6.72314
-6.71125
-6.69886
-6.68867
-6.68045
-6.67639
-6.67745
-6.68234
-6.6937
-6.71152
-6.73193
-6.7528
-6.77407
-6.79059
-6.80257
-6.80589
-6.79688
-6.78006
-6.75753
-6.7325
-6.70749
-6.68945
-6.67598
-6.67158
-6.67368
-6.68122
-6.68792
-6.69561
-6.69944
-6.69693
-6.69508
-6.69357
-6.69304
-6.69644
-6.70219
-6.71013
-6.72079
-6.73091
-6.73858
-6.74385
-6.75215
-6.7594
-6.76532
-6.76748
-6.77034
-6.7705
-6.76635
-6.75765
-6.74831
-6.73946
-6.73595
-6.73289
-6.73429
-6.73823
-6.73716
-6.73295
-6.72785
-6.7157
-6.70296
-6.69177
-6.68635
-6.68377
-6.68567
-6.69229
-6.6989
-6.70161
-6.70318
-6.70007
-6.69486
-6.69083
-6.68681
-6.68411
-6.68653
-6.69051
-6.69865
-6.71301
-6.72854
-6.74417
-6.76096
-6.77343
-6.78426
-6.78936
-6.79016
-6.78879
-6.78537
-6.78288
-6.77726
-6.76858
-6.76135
-6.75062
-6.73911
-6.73157
-6.72447
-6.72048
-6.71836
-6.72073
-6.72589
-6.73383
-6.74575
-6.75622
-6.76556
-6.77019
-6.76945
-6.76127
-6.74739
-6.72949
-6.71569
-6.70249
-6.69548
-6.69026
-6.69081
-6.69807
-6.70824
-6.72228
-6.74434
-6.77034
-6.79386
-6.81374
-6.82947
-6.83922
-6.84643
-6.84327
-6.83635
-6.82409
-6.80715
-6.78489
-6.75826
-6.73327
-6.70661
-6.68483
-6.66447
-6.6498
-6.63906
-6.63271
-6.62954
-6.62643
-6.62047
-6.61396
-6.60788
-6.60731
-6.61222
-6.62229
-6.63986
-6.66486
-6.69407
-6.72045
-6.74496
-6.76738
-6.78776
-6.80413
-6.81876
-6.82765
-6.82924
-6.82476
-6.81828
-6.80617
-6.79044
-6.77159
-6.7507
-6.72611
-6.7002
-6.67418
-6.65351
-6.64014
-6.63643
-6.64333
-6.6569
-6.67466
-6.69245
-6.70731
-6.72108
-6.72893
-6.73079
-6.72997
-6.72738
-6.71851
-6.70674
-6.6974
-6.6932
-6.69985
-6.71629
-6.73731
-6.75928
-6.77821
-6.78846
-6.793
-6.78651
-6.77516
-6.75919
-6.74166
-6.72641
-6.71184
-6.70091
-6.69588
-6.69018
-6.68895
-6.69289
-6.698
-6.70477
-6.71922
-6.73286
-6.74773
-6.76126
-6.77168
-6.77559
-6.76906
-6.7552
-6.73856
-6.71664
-6.6931
-6.67694
-6.66875
-6.67105
-6.67544
-6.68223
-6.6886
-6.69133
-6.69315
-6.69414
-6.69586
-6.70197
-6.71987
-6.74097
-6.76561
-6.79014
-6.81518
-6.83448
-6.84992
-6.86334
-6.87495
-6.88222
-6.88454
-6.87663
-6.86451
-6.84591
-6.82158
-6.79277
-6.76361
-6.73499
-6.70977
-6.692
-6.68215
-6.67326
-6.67077
-6.66813
-6.66364
-6.65869
-6.65768
-6.66192
-6.66729
-6.67397
-6.68224
-6.68903
-6.69052
-6.69524
-6.70006
-6.70874
-6.72021
-6.73222
-6.74078
-6.74461
-6.74068
-6.73517
-6.72673
-6.71483
-6.69918
-6.68346
-6.66915
-6.65723
-6.65244
-6.65561
-6.66779
-6.6817
-6.70521
-6.72842
-6.75368
-6.77424
-6.79522
-6.80702
-6.81428
-6.81017
-6.80057
-6.78735
-6.76975
-6.75144
-6.73894
-6.7303
-6.72498
-6.72426
-6.72874
-6.73565
-6.74502
-6.75311
-6.76179
-6.77039
-6.78095
-6.79081
-6.79835
-6.80658
-6.81333
-6.815
-6.81403
-6.8147
-6.81186
-6.81009
-6.80201
-6.78911
-6.7748
-6.75366
-6.72496
-6.69685
-6.6683
-6.64114
-6.61792
-6.59999
-6.58923
-6.58924
-6.59933
-6.61581
-6.63139
-6.64467
-6.6548
-6.65746
-6.65452
-6.64589
-6.63047
-6.61567
-6.6011
-6.59321
-6.59076
-6.59683
-6.60708
-6.6198
-6.63317
-6.64674
-6.65933
-6.67022
-6.67829
-6.68729
-6.69336
-6.69897
-6.70219
-6.70509
-6.71279
-6.72116
-6.73025
-6.74027
-6.75419
-6.76879
-6.78038
-6.79342
-6.80413
-6.80991
-6.81376
-6.81343
-6.81035
-6.81012
-6.81486
-6.82224
-6.83374
-6.84226
-6.84932
-6.85143
-6.84605
-6.83119
-6.81263
-6.78967
-6.76621
-6.73973
-6.71114
-6.68674
-6.66612
-6.64949
-6.64319
-6.6463
-6.65352
-6.66961
-6.68958
-6.71129
-6.73119
-6.75129
-6.76638
-6.77646
-6.77937
-6.78136
-6.77906
-6.77188
-6.76222
-6.75187
-6.73891
-6.72381
-6.70704
-6.69175
-6.67873
-6.67024
-6.66432
-6.66287
-6.66864
-6.67906
-6.69524
-6.71315
-6.73015
-6.74016
-6.74434
-6.74046
-6.73311
-6.72452
-6.71698
-6.71553
-6.71195
-6.70962
-6.70726
-6.70467
-6.70273
-6.70033
-6.69784
-6.69595
-6.69705
-6.6998
-6.70379
-6.70889
-6.71789
-6.72707
-6.73572
-6.74123
-6.74547
-6.74756
-6.74745
-6.74535
-6.74318
-6.74228
-6.74133
-6.74095
-6.74656
-6.75303
-6.76086
-6.76881
-6.77059
-6.76627
-6.75733
-6.74602
-6.73626
-6.72933
-6.72604
-6.72999
-6.73906
-6.75117
-6.76573
-6.77572
-6.78519
-6.79024
-6.78951
-6.78101
-6.76792
-6.75676
-6.74518
-6.73533
-6.72681
-6.72016
-6.71429
-6.70927
-6.70431
-6.69968
-6.69674
-6.6915
-6.6833
-6.6729
-6.66368
-6.65608
-6.654
-6.65651
-6.66117
-6.6698
-6.67948
-6.68592
-6.68609
-6.68065
-6.66669
-6.64407
-6.62103
-6.60193
-6.58844
-6.58703
-6.59297
-6.61026
-6.63321
-6.6576
-6.68216
-6.70585
-6.73227
-6.75619
-6.78079
-6.80624
-6.8328
-6.85565
-6.8782
-6.89593
-6.90579
-6.90695
-6.89853
-6.88217
-6.85955
-6.83002
-6.79896
-6.76714
-6.74239
-6.72505
-6.7184
-6.71727
-6.71796
-6.71798
-6.71736
-6.71182
-6.70069
-6.69001
-6.6807
-6.6764
-6.68026
-6.69142
-6.71134
-6.73533
-6.75792
-6.78119
-6.79739
-6.80775
-6.8078
-6.80455
-6.79046
-6.76974
-6.74085
-6.70907
-6.67585
-6.64497
-6.62136
-6.60756
-6.59939
-6.60186
-6.60894
-6.61931
-6.63003
-6.64452
-6.659
-6.67015
-6.67774
-6.68086
-6.68084
-6.67836
-6.67358
-6.67016
-6.66796
-6.66357
-6.66038
-6.65498
-6.65008
-6.6431
-6.64062
-6.64189
-6.64992
-6.66616
-6.68632
-6.71329
-6.74424
-6.77072
-6.79577
-6.81729
-6.83606
-6.85111
-6.86192
-6.87129
-6.87967
-6.88268
-6.88182
-6.87694
-6.86719
-6.85288
-6.83311
-6.80706
-6.78069
-6.74847
-6.7222
-6.6962
-6.67305
-6.65874
-6.64681
-6.64252
-6.64056
-6.64003
-6.64339
-6.6497
-6.65968
-6.66766
-6.67385
-6.68005
-6.68639
-6.69448
-6.70566
-6.71922
-6.73844
-6.75653
-6.76956
-6.77845
-6.78394
-6.78571
-6.78216
-6.77869
-6.76677
-6.75154
-6.73104
-6.70756
-6.68356
-6.66165
-6.64154
-6.62606
-6.61735
-6.61274
-6.61474
-6.62221
-6.63696
-6.65153
-6.66558
-6.67602
-6.68026
-6.67873
-6.67311
-6.66586
-6.6629
-6.66241
-6.66943
-6.68514
-6.70591
-6.72881
-6.75361
-6.77607
-6.79397
-6.8066
-6.81095
-6.80557
-6.79322
-6.77392
-6.74932
-6.72131
-6.693
-6.6668
-6.64491
-6.63188
-6.62696
-6.63507
-6.65096
-6.6785
-6.71182
-6.74911
-6.78286
-6.81513
-6.83737
-6.84712
-6.8381
-6.81571
-6.78315
-6.74617
-6.70552
-6.66724
-6.63815
-6.62168
-6.61779
-6.62513
-6.63817
-6.66296
-6.69004
-6.71999
-6.74977
-6.77664
-6.79858
-6.81044
-6.81282
-6.80546
-6.79167
-6.77164
-6.74841
-6.72921
-6.71374
-6.70429
-6.70442
-6.70593
-6.71777
-6.73058
-6.7448
-6.75912
-6.76704
-6.7749
-6.77614
-6.76941
-6.75714
-6.74104
-6.71653
-6.69282
-6.66912
-6.65174
-6.64089
-6.63889
-6.64434
-6.65852
-6.67638
-6.69464
-6.71679
-6.7337
-6.75246
-6.768
-6.78047
-6.78657
-6.79317
-6.79139
-6.78677
-6.77761
-6.76753
-6.7545
-6.74112
-6.73141
-6.72829
-6.72878
-6.73545
-6.7439
-6.75261
-6.7623
-6.77052
-6.77884
-6.78099
-6.7803
-6.77788
-6.77519
-6.77322
-6.76959
-6.76736
-6.76687
-6.76563
-6.76671
-6.76318
-6.75804
-6.74736
-6.73328
-6.71783
-6.69811
-6.6759
-6.65122
-6.6331
-6.61703
-6.6052
-6.60376
-6.6093
-6.61992
-6.63385
-6.65023
-6.6668
-6.68347
-6.69888
-6.71315
-6.7237
-6.73139
-6.73841
-6.74284
-6.74432
-6.74447
-6.74433
-6.74463
-6.74467
-6.74528
-6.7531
-6.76086
-6.76876
-6.78069
-6.7943
-6.80349
-6.80512
-6.80094
-6.78974
-6.7701
-6.74302
-6.71589
-6.69351
-6.6784
-6.67128
-6.67271
-6.6794
-6.69137
-6.69998
-6.70767
-6.7114
-6.71285
-6.7081
-6.70444
-6.69669
-6.68984
-6.68186
-6.6764
-6.67268
-6.67436
-6.67887
-6.68599
-6.69817
-6.71537
-6.73684
-6.7611
-6.78576
-6.80977
-6.82331
-6.82802
-6.82385
-6.80919
-6.78156
-6.75443
-6.72859
-6.70782
-6.70098
-6.70405
-6.7167
-6.73244
-6.75071
-6.76327
-6.77236
-6.77185
-6.76823
-6.75988
-6.74509
-6.73118
-6.7129
-6.69115
-6.67161
-6.65172
-6.63437
-6.62167
-6.61526
-6.61878
-6.62921
-6.65123
-6.68237
-6.71897
-6.75388
-6.78417
-6.80763
-6.81803
-6.82002
-6.81699
-6.80828
-6.79498
-6.77682
-6.76006
-6.73981
-6.72403
-6.71093
-6.70616
-6.70674
-6.71111
-6.71952
-6.73044
-6.74
-6.74815
-6.75324
-6.75353
-6.74977
-6.74524
-6.74023
-6.7368
-6.73308
-6.72831
-6.71586
-6.70375
-6.68776
-6.67269
-6.66343
-6.66042
-6.66338
-6.67177
-6.68598
-6.70501
-6.72446
-6.74509
-6.76802
-6.79038
-6.81592
-6.83725
-6.85277
-6.86164
-6.86488
-6.8599
-6.84742
-6.83246
-6.81571
-6.79879
