-5.59901
-5.59966
-5.59998
-5.59933
-5.59965
-5.60062
-5.60224
-5.60095
-5.60095
-5.60031
-5.60096
-5.60031
-5.60128
-5.59805
-5.5974
-5.59901
-5.59901
-5.59901
-5.599
-5.59932
-5.59835
-5.59868
-5.59803
-5.59803
-5.59868
-5.59868
-5.59706
-5.59642
-5.59415
-5.59285
-5.59383
-5.5935
-5.59544
-5.59674
-5.59577
-5.59577
-5.59738
-5.59738
-5.59544
-5.59609
-5.59576
-5.59641
-5.59642
-5.59577
-5.59707
-5.59642
-5.59609
-5.59609
-5.59512
-5.5948
-5.59642
-5.59706
-5.59836
-5.59803
-5.59965
-5.59868
-5.59867
-5.5977
-5.59738
-5.59544
-5.59544
-5.59771
-5.59933
-5.59804
-5.59901
-5.59998
-5.59933
-5.60127
-5.60257
-5.60062
-5.60062
-5.6003
-5.599
-5.59771
-5.59771
-5.59771
-5.59804
-5.59901
-5.59966
-5.59998
-5.59804
-5.59804
-5.59707
-5.59545
-5.59577
-5.59286
-5.59318
-5.59351
-5.59286
-5.59351
-5.59351
-5.5948
-5.59351
-5.59383
-5.59577
-5.5961
-5.59771
-5.59577
-5.59221
-5.59448
-5.59512
-5.59836
-5.60128
-5.6016
-5.60063
-5.60031
-5.59869
-5.59707
-5.59642
-5.59772
-5.59901
-5.59901
-5.59901
-5.59804
-5.59966
-5.59901
-5.59836
-5.59706
-5.59674
-5.59739
-5.59674
-5.59706
-5.59868
-5.59901
-5.59804
-5.59836
-5.59771
-5.59901
-5.59998
-5.59772
-5.5961
-5.59512
-5.5948
-5.59382
-5.59544
-5.59447
-5.59447
-5.59382
-5.59415
-5.59253
-5.59383
-5.5948
-5.59286
-5.5935
-5.59447
-5.5948
-5.59642
-5.59739
-5.59803
-5.59998
-5.60127
-5.60095
-5.59933
-5.60159
-5.60321
-5.60386
-5.60159
-5.60192
-5.60257
-5.60257
-5.60127
-5.60095
-5.6003
-5.60192
-5.59998
-5.59933
-5.6003
-5.59804
-5.59642
-5.59836
-5.59674
-5.59577
-5.59479
-5.59577
-5.59479
-5.59415
-5.59577
-5.59707
-5.5961
-5.59674
-5.59577
-5.59512
-5.59674
-5.59771
-5.59771
-5.59933
-5.59836
-5.59739
-5.59901
-5.59933
-5.59901
-5.60095
-5.60128
-5.60354
-5.60387
-5.60322
-5.60289
-5.60225
-5.60386
-5.60354
-5.6016
-5.60257
-5.60127
-5.59965
-5.60127
-5.60127
-5.60127
-5.59965
-5.59933
-5.59901
-5.59901
-5.60095
-5.60063
-5.60063
-5.59998
-5.59998
-5.59901
-5.59771
-5.59544
-5.59738
-5.59738
-5.59933
-5.59803
-5.59738
-5.59836
-5.59706
-5.59479
-5.59674
-5.60062
-5.60224
-5.60257
-5.60256
-5.60127
-5.60256
-5.599
-5.59771
-5.59739
-5.59836
-5.59868
-5.59738
-5.59835
-5.59641
-5.59673
-5.59479
-5.59414
-5.59285
-5.5922
-5.59285
-5.59382
-5.5935
-5.59382
-5.59382
-5.59576
-5.59706
-5.59609
-5.59544
-5.59674
-5.59933
-5.59869
-5.59772
-5.5974
-5.59837
-5.59901
-5.60193
-5.60355
-5.60258
-5.60031
-5.60064
-5.59966
-5.59902
-5.59902
-5.60031
-5.60063
-5.60096
-5.59998
-5.59966
-5.59836
-5.59642
-5.59545
-5.59448
-5.59481
-5.59546
-5.59546
-5.59772
-5.59805
-5.59675
-5.5974
-5.60064
-5.60096
-5.59966
-5.59901
-5.59804
-5.59934
-5.60096
-5.60031
-5.59902
-5.5987
-5.59741
-5.59935
-5.59838
-5.5987
-5.59805
-5.59708
-5.59772
-5.59708
-5.5974
-5.60064
-5.59999
-5.60031
-5.60193
-5.60063
-5.59707
-5.59805
-5.59643
-5.59611
-5.59643
-5.59773
-5.59838
-5.59579
-5.59352
-5.59514
-5.59546
-5.59384
-5.59449
-5.59481
-5.5974
-5.59676
-5.59708
-5.5987
-5.59967
-5.60194
-5.60323
-5.60194
-5.59902
-5.60096
-5.60032
-5.59999
-5.59935
-5.60129
-5.60064
-5.59935
-5.59902
-5.59999
-5.60065
-5.60194
-5.6
-5.60129
-5.60291
-5.60388
-5.60323
-5.6029
-5.60161
-5.59999
-5.59999
-5.60128
-5.59805
-5.5987
-5.59935
-5.59902
-5.59772
-5.59772
-5.59902
-5.59805
-5.59708
-5.5987
-5.60096
-5.59934
-5.60031
-5.59869
-5.59772
-5.59772
-5.59902
-5.59999
-5.60064
-5.59805
-5.59805
-5.59869
-5.59902
-5.59805
-5.59804
-5.59837
-5.59739
-5.59739
-5.59772
-5.59934
-5.5961
-5.59772
-5.59643
-5.59676
-5.59417
-5.59611
-5.59514
-5.59741
-5.59643
-5.59708
-5.59902
-5.5987
-5.59708
-5.5987
-5.60031
-5.60064
-5.60064
-5.60129
-5.60096
-5.60129
-5.59999
-5.59967
-5.59967
-5.60161
-5.60258
-5.60129
-5.60161
-5.60226
-5.59999
-5.59708
-5.59741
-5.59579
-5.59741
-5.59612
-5.59482
-5.59774
-5.59936
-5.59774
-5.59903
-5.6
-5.60033
-5.60033
-5.59903
-5.59644
-5.59547
-5.59644
-5.59838
-5.59774
-5.59677
-5.59742
-5.59677
-5.59709
-5.59774
-5.59612
-5.59708
-5.59676
-5.59805
-5.5974
-5.59773
-5.59644
-5.5945
-5.59256
-5.59191
-5.59223
-5.59288
-5.59256
-5.59482
-5.59579
-5.59774
-5.59806
-5.59774
-5.60065
-5.60195
-5.60162
-5.60033
-5.60162
-5.60292
-5.6013
-5.60227
-5.60324
-5.6026
-5.60357
-5.60324
-5.60129
-5.60097
-5.60227
-5.60194
-5.60259
-5.6
-5.59936
-5.6
-5.60065
-5.59903
-5.59935
-5.59903
-5.60032
-5.59968
-5.59709
-5.59741
-5.59805
-5.59676
-5.59805
-5.60032
-5.5987
-5.59935
-5.59935
-5.59903
-5.59741
-5.59871
-5.59936
-5.6
-5.59838
-5.6
-5.60065
-5.59936
-5.59839
-5.59936
-5.60001
-5.60001
-5.59871
-5.59806
-5.59774
-5.59904
-5.59903
-5.59839
-5.59871
-5.59709
-5.59612
-5.59515
-5.5958
-5.59548
-5.59677
-5.59645
-5.59644
-5.59612
-5.5958
-5.59968
-5.59968
-5.59968
-5.59903
-5.59806
-5.59806
-5.59806
-5.59806
-5.59806
-5.59968
-5.60097
-5.60129
-5.60065
-5.60227
-5.60324
-5.60389
-5.60259
-5.60195
-5.6013
-5.60033
-5.59871
-5.59774
-5.59806
-5.59741
-5.59547
-5.59709
-5.59741
-5.59838
-5.60098
-5.60098
-5.59968
-5.59839
-5.59774
-5.59903
-5.60065
-5.60097
-5.60227
-5.60259
-5.60163
-5.60163
-5.59872
-5.59936
-5.60098
-5.60228
-5.60033
-5.59677
-5.59644
-5.59547
-5.59515
-5.59482
-5.59515
-5.59515
-5.59483
-5.59353
-5.59224
-5.59353
-5.59483
-5.5958
-5.59612
-5.59709
-5.59676
-5.59741
-5.59773
-5.59612
-5.59612
-5.59709
-5.59742
-5.59677
-5.59774
-5.59774
-5.59482
-5.59352
-5.59352
-5.59222
-5.59352
-5.59222
-5.59384
-5.59547
-5.59579
-5.59579
-5.59547
-5.59838
-5.59871
-5.59903
-5.59935
-5.60065
-5.59936
-5.60065
-5.60195
-5.60195
-5.6013
-5.60001
-5.59968
-5.60097
-5.60097
-5.60162
-5.59967
-5.59935
-5.5987
-5.60064
-5.60161
-5.60097
-5.59968
-5.60065
-5.60097
-5.59935
-5.59935
-5.59838
-5.59675
-5.59578
-5.59449
-5.59578
-5.59741
-5.59676
-5.59871
-5.59806
-5.59806
-5.59547
-5.59773
-5.59709
-5.59709
-5.59514
-5.59482
-5.59449
-5.59384
-5.59384
-5.59481
-5.59254
-5.59352
-5.59352
-5.59287
-5.59028
-5.59093
-5.59288
-5.59449
-5.59644
-5.59773
-5.5987
-5.5987
-5.59676
-5.59611
-5.59676
-5.59579
-5.59708
-5.5974
-5.59902
-5.59805
-5.59902
-5.59869
-5.59804
-5.59772
-5.59448
-5.59384
-5.5961
-5.59546
-5.59643
-5.5974
-5.59902
-5.59999
-5.59966
-5.60064
-5.60323
-5.60323
-5.60258
-5.60194
-5.60129
-5.60161
-5.60194
-5.60064
-5.60226
-5.59934
-5.60161
-5.60128
-5.59934
-5.60096
-5.59967
-5.60128
-5.60128
-5.59934
-5.59837
-5.59805
-5.59999
-5.59967
-5.59805
-5.59708
-5.59611
-5.59546
-5.59513
-5.59417
-5.59708
-5.59935
-5.59902
-5.59805
-5.5974
-5.59676
-5.59481
-5.59741
-5.59643
-5.59708
-5.59676
-5.59643
-5.59675
-5.59837
-5.59902
-5.59966
-5.60096
-5.59934
-5.5974
-5.59513
-5.59643
-5.59643
-5.5974
-5.59838
-5.59805
-5.59708
-5.59611
-5.59513
-5.59675
-5.59578
-5.59513
-5.59578
-5.59578
-5.59481
-5.59546
-5.59611
-5.59676
-5.59838
-5.59902
-5.59772
-5.59708
-5.59643
-5.5961
-5.5961
-5.59707
-5.59837
-5.59901
-5.60063
-5.60031
-5.60193
-5.60031
-5.60063
-5.59966
-5.59934
-5.59676
-5.5987
-5.60065
-5.60291
-5.60032
-5.59773
-5.59611
-5.5974
-5.5974
-5.59643
-5.5961
-5.59642
-5.59643
-5.5961
-5.59254
-5.59449
-5.59481
-5.59611
-5.5974
-5.59838
-5.59968
-5.59871
-5.59806
-5.59774
-5.59935
-5.59967
-5.59773
-5.5974
-5.59611
-5.59481
-5.59676
-5.59417
-5.59708
-5.59773
-5.59838
-5.59967
-5.59708
-5.5987
-5.59935
-5.59838
-5.59838
-5.60033
-5.59806
-5.59838
-5.5974
-5.59805
-5.59773
-5.5974
-5.59611
-5.59708
-5.59773
-5.59676
-5.59903
-5.59644
-5.59709
-5.59709
-5.59774
-5.59644
-5.60033
-5.60033
-5.60162
-5.60194
-5.60389
-5.60389
-5.60259
-5.60194
-5.60323
-5.60291
-5.60421
-5.6042
-5.60323
-5.60356
-5.60388
-5.60647
-5.6055
-5.6042
-5.60323
-5.60323
-5.6042
-5.6029
-5.60193
-5.60161
-5.59999
-5.60129
-5.59999
-5.60032
-5.59902
-5.59837
-5.59999
-5.60032
-5.59999
-5.5974
-5.59934
-5.59902
-5.59675
-5.59772
-5.59869
-5.59902
-5.5987
-5.5987
-5.59837
-5.5987
-5.59902
-5.59999
-5.59934
-5.59805
-5.59837
-5.59837
-5.59773
-5.59773
-5.5987
-5.60032
-5.60064
-5.59934
-5.60226
-5.60193
-5.59902
-5.5987
-5.60064
-5.60129
-5.6
-5.60032
-5.60162
-5.60162
-5.59902
-5.59772
-5.59837
-5.59966
-5.59999
-5.59999
-5.59869
-5.59967
-5.59773
-5.59773
-5.59773
-5.59935
-5.59805
-5.60032
-5.59999
-5.60096
-5.59999
-5.59967
-5.59837
-5.59934
-5.59967
-5.5987
-5.59837
-5.59837
-5.59837
-5.59838
-5.5987
-5.60162
-5.60065
-5.60033
-5.60227
-5.60453
-5.60194
-5.60323
-5.60323
-5.60031
-5.60031
-5.59934
-5.59967
-5.5987
-5.6
-5.5987
-5.59935
-5.59676
-5.59708
-5.59773
-5.59579
-5.59773
-5.59773
-5.59611
-5.59773
-5.5987
-5.6
-5.60129
-5.60161
-5.60226
-5.59902
-5.59708
-5.59644
-5.59741
-5.59741
-5.59774
-5.59904
-5.59645
-5.5945
-5.59547
-5.59709
-5.59871
-5.59839
-5.60065
-5.59871
-5.59871
-5.59709
-5.59838
-5.59935
-5.59903
-5.59903
-5.59968
-5.59936
-5.6
-5.6013
-5.60162
-5.60065
-5.60001
-5.59871
-5.59871
-5.59903
-5.60033
-5.59709
-5.59741
-5.59579
-5.5945
-5.59547
-5.59676
-5.59708
-5.59644
-5.59676
-5.59871
-5.59903
-5.59903
-5.6
-5.59968
-5.60324
-5.60518
-5.60583
-5.60583
-5.6068
-5.60583
-5.60259
-5.60065
-5.59902
-5.59773
