0.773581
0.759002
0.744303
0.731495
0.722885
0.720901
0.72737
0.742526
0.764462
0.789552
0.813621
0.833054
0.845385
0.849378
0.844997
0.83323
0.815931
0.795637
0.77525
0.757402
0.743948
0.73559
0.731742
0.730958
0.731591
0.732361
0.732493
0.731641
0.729531
0.725795
0.719965
0.711659
0.700915
0.688434
0.67557
0.664125
0.655967
0.652777
0.655683
0.664911
0.679535
0.697558
0.716437
0.733787
0.748122
0.75908
0.76727
0.773592
0.778512
0.781702
0.78219
0.779183
0.772668
0.763657
0.75401
0.745752
0.740431
0.738911
0.741369
0.747695
0.757546
0.770236
0.784493
0.798549
0.810407
0.818269
0.821096
0.818792
0.812268
0.803239
0.793783
0.785583
0.779404
0.775198
0.772355
0.770122
0.767812
0.764912
0.761072
0.756197
0.750467
0.744259
0.738028
0.732272
0.727338
0.723395
0.720348
0.71791
0.715722
0.713405
0.710744
0.707713
0.704414
0.701064
0.697958
0.695585
0.694672
0.696077
0.700564
0.708549
0.719909
0.733878
0.749141
0.763969
0.776656
0.785893
0.791045
0.792162
0.789835
0.78482
0.777783
0.769231
0.759734
0.750072
0.741061
0.733232
0.726875
0.722255
0.719765
0.720043
0.723734
0.731095
0.741894
0.755282
0.769842
0.783805
0.79525
0.802369
0.803935
0.799442
0.789305
0.774935
0.758472
0.742445
0.729343
0.721007
0.718073
0.719904
0.724714
0.730256
0.734523
0.736427
0.736046
0.734383
0.732729
0.73216
0.733352
0.736534
0.741398
0.747211
0.753097
0.758424
0.763018
0.767037
0.77079
0.774304
0.777255
0.77895
0.778623
0.775853
0.770918
0.764907
0.75944
0.756023
0.755277
0.756641
0.758621
0.759415
0.757684
0.752991
0.745973
0.73813
0.731319
0.727053
0.725981
0.727683
0.731014
0.734553
0.737011
0.737623
0.736196
0.733155
0.729392
0.726067
0.724267
0.724802
0.728102
0.734173
0.742669
0.752808
0.763441
0.773338
0.781437
0.787146
0.790329
0.791296
0.790597
0.788747
0.786014
0.782477
0.77799
0.772516
0.766228
0.759636
0.753535
0.748799
0.74614
0.745806
0.747603
0.751258
0.756551
0.763204
0.770395
0.77662
0.780139
0.779646
0.77484
0.76645
0.756029
0.745536
0.736734
0.730771
0.72815
0.728948
0.73314
0.740785
0.751657
0.76507
0.779811
0.794411
0.80745
0.81794
0.825304
0.829245
0.829515
0.825765
0.817806
0.805862
0.790807
0.773915
0.756612
0.740134
0.725397
0.713123
0.703774
0.697475
0.693671
0.691129
0.688409
0.68465
0.680089
0.676036
0.674367
0.676774
0.684133
0.696281
0.712078
0.729827
0.747844
0.764825
0.77999
0.792926
0.803411
0.811219
0.816071
0.817775
0.8163
0.811765
0.804334
0.794281
0.781715
0.766926
0.750319
0.732832
0.716133
0.702568
0.694518
0.693338
0.698584
0.708281
0.719898
0.731329
0.741238
0.748905
0.753923
0.756023
0.755043
0.751158
0.745032
0.738053
0.732258
0.730103
0.733678
0.743553
0.758001
0.773508
0.786341
0.794033
0.795771
0.792088
0.784306
0.774093
0.763054
0.75246
0.743179
0.735673
0.730165
0.726796
0.72576
0.727304
0.731576
0.738467
0.747452
0.757619
0.767749
0.77655
0.782634
0.784809
0.782181
0.774452
0.762279
0.747453
0.732839
0.721634
0.71596
0.715768
0.719126
0.72343
0.726601
0.727771
0.727475
0.72727
0.729284
0.7353
0.745937
0.760434
0.777079
0.79386
0.809257
0.822554
0.833712
0.842878
0.84997
0.854383
0.855065
0.851091
0.842143
0.828664
0.811803
0.793026
0.773806
0.755586
0.739856
0.728005
0.720578
0.71681
0.714715
0.712524
0.70975
0.70731
0.70664
0.708606
0.712826
0.717929
0.722364
0.725377
0.727455
0.72995
0.734244
0.740679
0.748326
0.75547
0.760524
0.76265
0.761753
0.758085
0.752023
0.743873
0.734088
0.723609
0.713854
0.706561
0.703362
0.705261
0.712302
0.72373
0.738325
0.754656
0.771281
0.786717
0.799409
0.807918
0.811246
0.809154
0.802325
0.792222
0.780704
0.769574
0.760162
0.753322
0.749562
0.749081
0.751634
0.756456
0.762489
0.768744
0.774748
0.780479
0.786225
0.792154
0.79804
0.80331
0.807384
0.810004
0.811301
0.811532
0.810712
0.808454
0.803928
0.79619
0.784709
0.769534
0.751484
0.731881
0.712198
0.693874
0.678397
0.667309
0.661865
0.662514
0.668596
0.678286
0.6891
0.698601
0.704926
0.70713
0.704951
0.698772
0.689569
0.67906
0.669564
0.66344
0.662236
0.666066
0.67376
0.683537
0.693744
0.703218
0.7114
0.718224
0.723826
0.728309
0.731707
0.734155
0.736083
0.738238
0.741426
0.746143
0.752421
0.75996
0.76838
0.777248
0.786055
0.794097
0.800591
0.804877
0.806794
0.80679
0.80604
0.806101
0.808399
0.81353
0.820769
0.82817
0.833307
0.834283
0.830266
0.82144
0.808851
0.793762
0.777256
0.760034
0.7427
0.726218
0.712045
0.701822
0.696759
0.697321
0.703216
0.713509
0.726822
0.741505
0.755849
0.768387
0.778015
0.784303
0.787325
0.78757
0.785604
0.781684
0.775891
0.768338
0.75927
0.749205
0.738885
0.729124
0.720657
0.714136
0.710192
0.709655
0.713286
0.721315
0.732747
0.745332
0.756231
0.763121
0.765045
0.762675
0.757777
0.752268
0.747459
0.743898
0.741515
0.739958
0.738819
0.737738
0.736446
0.734848
0.733191
0.731932
0.731584
0.732555
0.734999
0.738825
0.743748
0.749222
0.754558
0.759089
0.762348
0.764173
0.764747
0.764431
0.763627
0.762816
0.762613
0.763653
0.766314
0.770411
0.774981
0.778554
0.779738
0.777721
0.772625
0.765525
0.758153
0.752455
0.750045
0.751812
0.757646
0.766363
0.776071
0.784672
0.790552
0.792841
0.791489
0.787117
0.78077
0.773545
0.76647
0.760121
0.754657
0.750008
0.746097
0.742963
0.740516
0.738297
0.735472
0.731118
0.725004
0.717853
0.71106
0.706209
0.70439
0.705852
0.710037
0.715785
0.721596
0.725667
0.726216
0.721937
0.712634
0.699497
0.685004
0.672275
0.664145
0.662338
0.667162
0.677608
0.69183
0.70787
0.724241
0.740251
0.755923
0.771655
0.787837
0.804591
0.821432
0.837532
0.8517
0.862654
0.869224
0.87043
0.865683
0.854989
0.839048
0.819365
0.798227
0.778315
0.762031
0.750903
0.745174
0.743772
0.744663
0.745536
0.744472
0.740566
0.734225
0.727103
0.721551
0.719762
0.722984
0.731285
0.743704
0.758615
0.774106
0.788326
0.799556
0.806461
0.808225
0.804547
0.795581
0.781768
0.763802
0.742835
0.720907
0.700756
0.685014
0.675168
0.671228
0.67223
0.67695
0.68429
0.693161
0.702393
0.710751
0.717102
0.720871
0.722089
0.721425
0.719776
0.717882
0.716033
0.714134
0.711854
0.708863
0.705047
0.700705
0.696698
0.694403
0.695464
0.70125
0.712291
0.727889
0.746304
0.765421
0.783506
0.799561
0.813258
0.824699
0.83408
0.841504
0.847104
0.850959
0.852971
0.852824
0.850005
0.843934
0.834178
0.820784
0.804279
0.785622
0.766085
0.747063
0.729947
0.715807
0.705186
0.698098
0.694157
0.692848
0.693791
0.696679
0.7011
0.706456
0.711997
0.717199
0.721982
0.726852
0.732683
0.740352
0.750038
0.760909
0.771453
0.780355
0.786932
0.791024
0.792633
0.791564
0.787523
0.780222
0.76964
0.756186
0.74075
0.724536
0.70885
0.695015
0.684261
0.677594
0.6756
0.678229
0.684722
0.693686
0.703398
0.712118
0.71843
0.721471
0.721101
0.718003
0.713816
0.710769
0.711088
0.716204
0.726244
0.74009
0.755998
0.772099
0.786641
0.798142
0.805484
0.80795
0.805231
0.797433
0.784995
0.768813
0.750135
0.730617
0.712285
0.697268
0.687499
0.684433
0.688763
0.700436
0.718579
0.741438
0.766511
0.790738
0.810954
0.824481
0.829471
0.825184
0.811984
0.791357
0.765842
0.738749
0.713873
0.694696
0.683502
0.680912
0.686015
0.697082
0.712313
0.730151
0.749254
0.768245
0.785507
0.799271
0.80782
0.809838
0.805148
0.794876
0.781312
0.767122
0.754539
0.745088
0.739649
0.738442
0.741176
0.747124
0.755236
0.764281
0.772966
0.779973
0.784129
0.784525
0.780683
0.772508
0.760479
0.745649
0.729626
0.714479
0.702462
0.695439
0.694325
0.698818
0.707625
0.719098
0.731917
0.745174
0.758173
0.770245
0.780606
0.788491
0.793417
0.795227
0.794043
0.790096
0.783778
0.775764
0.767076
0.75902
0.752982
0.750039
0.750579
0.754164
0.759794
0.766254
0.772494
0.777762
0.781576
0.783661
0.784064
0.783097
0.781306
0.779349
0.77779
0.776952
0.776838
0.77709
0.776952
0.77546
0.771817
0.765556
0.756606
0.745224
0.73186
0.717273
0.702543
0.689171
0.678672
0.6723
0.670696
0.673739
0.680599
0.690103
0.70102
0.712283
0.723182
0.733243
0.742109
0.749571
0.75556
0.760025
0.762978
0.764394
0.764496
0.763754
0.762879
0.762685
0.763957
0.767228
0.77262
0.779827
0.787994
0.795772
0.801466
0.803414
0.800416
0.792085
0.77899
0.762668
0.745444
0.730091
0.719158
0.714198
0.715151
0.720468
0.727801
0.734836
0.739958
0.742445
0.742336
0.740036
0.736084
0.731131
0.72592
0.721242
0.717824
0.716202
0.716676
0.719464
0.72486
0.733196
0.744662
0.75898
0.775146
0.79137
0.805435
0.815105
0.818462
0.814389
0.803102
0.78641
0.767467
0.750243
0.738337
0.733776
0.736474
0.744687
0.755823
0.767144
0.776379
0.782006
0.783395
0.780763
0.774763
0.766202
0.75563
0.743447
0.730026
0.715919
0.702012
0.689583
0.680251
0.675768
0.677684
0.686793
0.702766
0.723959
0.74771
0.770977
0.790958
0.805732
0.814392
0.81701
0.814342
0.80746
0.797511
0.785624
0.772938
0.760734
0.750218
0.742563
0.738515
0.738258
0.741386
0.746995
0.753841
0.76043
0.765428
0.76796
0.767937
0.766081
0.763493
0.761016
0.758728
0.75603
0.751985
0.745844
0.737559
0.727977
0.718794
0.711979
0.709104
0.71086
0.716886
0.726149
0.737538
0.75029
0.764041
0.778684
0.7938
0.808455
0.821381
0.831295
0.837204
0.838723
0.83605
0.82989
0.821213
0.811126
0.800708
