1.16037
1.1385
1.11646
1.09724
1.08433
1.08135
1.09105
1.11379
1.14669
1.18433
1.22043
1.24958
1.26808
1.27407
1.2675
1.24985
1.2239
1.19346
1.16288
1.1361
1.11592
1.10339
1.09761
1.09644
1.09739
1.09854
1.09874
1.09746
1.0943
1.08869
1.07995
1.06749
1.05137
1.03265
1.01335
0.996188
0.983951
0.979166
0.983525
0.997366
1.0193
1.04634
1.07466
1.10068
1.12218
1.13862
1.15091
1.16039
1.16777
1.17255
1.17328
1.16877
1.159
1.14549
1.13102
1.11863
1.11065
1.10837
1.11205
1.12154
1.13632
1.15535
1.17674
1.19782
1.21561
1.2274
1.23164
1.22819
1.2184
1.20486
1.19067
1.17837
1.16911
1.1628
1.15853
1.15518
1.15172
1.14737
1.14161
1.13429
1.1257
1.11639
1.10704
1.09841
1.09101
1.08509
1.08052
1.07686
1.07358
1.07011
1.06612
1.06157
1.05662
1.0516
1.04694
1.04338
1.04201
1.04412
1.05085
1.06282
1.07986
1.10082
1.12371
1.14595
1.16498
1.17884
1.18657
1.18824
1.18475
1.17723
1.16667
1.15385
1.1396
1.12511
1.11159
1.09985
1.09031
1.08338
1.07965
1.08007
1.0856
1.09664
1.11284
1.13292
1.15476
1.17571
1.19287
1.20355
1.2059
1.19916
1.18396
1.1624
1.13771
1.11367
1.09401
1.08151
1.07711
1.07986
1.08707
1.09538
1.10178
1.10464
1.10407
1.10158
1.09909
1.09824
1.10003
1.1048
1.1121
1.12082
1.12964
1.13764
1.14453
1.15056
1.15619
1.16146
1.16588
1.16842
1.16793
1.16378
1.15638
1.14736
1.13916
1.13403
1.13292
1.13496
1.13793
1.13912
1.13653
1.12949
1.11896
1.10719
1.09698
1.09058
1.08897
1.09152
1.09652
1.10183
1.10552
1.10643
1.10429
1.09973
1.09409
1.0891
1.0864
1.0872
1.09215
1.10126
1.114
1.12921
1.14516
1.16001
1.17216
1.18072
1.18549
1.18694
1.1859
1.18312
1.17902
1.17372
1.16698
1.15877
1.14934
1.13945
1.1303
1.1232
1.11921
1.11871
1.1214
1.12689
1.13483
1.14481
1.15559
1.16493
1.17021
1.16947
1.16226
1.14968
1.13404
1.1183
1.1051
1.09616
1.09223
1.09342
1.09971
1.11118
1.12749
1.14761
1.16972
1.19162
1.21118
1.22691
1.23796
1.24387
1.24427
1.23865
1.22671
1.20879
1.18621
1.16087
1.13492
1.1102
1.0881
1.06968
1.05566
1.04621
1.04051
1.03669
1.03261
1.02697
1.02013
1.01405
1.01155
1.01516
1.0262
1.04442
1.06812
1.09474
1.12177
1.14724
1.16998
1.18939
1.20512
1.21683
1.22411
1.22666
1.22445
1.21765
1.2065
1.19142
1.17257
1.15039
1.12548
1.09925
1.0742
1.05385
1.04178
1.04001
1.04788
1.06242
1.07985
1.09699
1.11186
1.12336
1.13088
1.13403
1.13256
1.12674
1.11755
1.10708
1.09839
1.09515
1.10052
1.11533
1.137
1.16026
1.17951
1.19105
1.19366
1.18813
1.17646
1.16114
1.14458
1.12869
1.11477
1.10351
1.09525
1.09019
1.08864
1.09096
1.09736
1.1077
1.12118
1.13643
1.15162
1.16482
1.17395
1.17721
1.17327
1.16168
1.14342
1.12118
1.09926
1.08245
1.07394
1.07365
1.07869
1.08514
1.0899
1.09166
1.09121
1.0909
1.09393
1.10295
1.1189
1.14065
1.16562
1.19079
1.21389
1.23383
1.25057
1.26432
1.27495
1.28157
1.2826
1.27664
1.26321
1.243
1.2177
1.18954
1.16071
1.13338
1.10978
1.09201
1.08087
1.07522
1.07207
1.06879
1.06462
1.06097
1.05996
1.06291
1.06924
1.07689
1.08355
1.08806
1.09118
1.09492
1.10137
1.11102
1.12249
1.1332
1.14079
1.14397
1.14263
1.13713
1.12803
1.11581
1.10113
1.08541
1.07078
1.05984
1.05504
1.05789
1.06845
1.0856
1.10749
1.13198
1.15692
1.18008
1.19911
1.21188
1.21687
1.21373
1.20349
1.18833
1.17106
1.15436
1.14024
1.12998
1.12434
1.12362
1.12745
1.13468
1.14373
1.15312
1.16212
1.17072
1.17934
1.18823
1.19706
1.20496
1.21108
1.21501
1.21695
1.2173
1.21607
1.21268
1.20589
1.19428
1.17706
1.1543
1.12723
1.09782
1.0683
1.04081
1.01759
1.00096
0.992797
0.993772
1.00289
1.01743
1.03365
1.0479
1.05739
1.06069
1.05743
1.04816
1.03435
1.01859
1.00435
0.99516
0.993353
0.999098
1.01064
1.02531
1.04062
1.05483
1.0671
1.07734
1.08574
1.09246
1.09756
1.10123
1.10412
1.10736
1.11214
1.11921
1.12863
1.13994
1.15257
1.16587
1.17908
1.19115
1.20089
1.20732
1.21019
1.21019
1.20906
1.20915
1.2126
1.2203
1.23115
1.24226
1.24996
1.25142
1.2454
1.23216
1.21328
1.19064
1.16588
1.14005
1.11405
1.08933
1.06807
1.05273
1.04514
1.04598
1.05482
1.07026
1.09023
1.11226
1.13377
1.15258
1.16702
1.17645
1.18099
1.18136
1.17841
1.17253
1.16384
1.15251
1.1389
1.12381
1.10833
1.09369
1.08099
1.0712
1.06529
1.06448
1.06993
1.08197
1.09912
1.118
1.13435
1.14468
1.14757
1.14401
1.13667
1.1284
1.12119
1.11585
1.11227
1.10994
1.10823
1.10661
1.10467
1.10227
1.09979
1.0979
1.09738
1.09883
1.1025
1.10824
1.11562
1.12383
1.13184
1.13863
1.14352
1.14626
1.14712
1.14665
1.14544
1.14422
1.14392
1.14548
1.14947
1.15562
1.16247
1.16783
1.16961
1.16658
1.15894
1.14829
1.13723
1.12868
1.12507
1.12772
1.13647
1.14955
1.16411
1.17701
1.18583
1.18926
1.18723
1.18068
1.17115
1.16032
1.1497
1.14018
1.13199
1.12501
1.11914
1.11444
1.11077
1.10745
1.10321
1.09668
1.08751
1.07678
1.06659
1.05931
1.05658
1.05878
1.06506
1.07368
1.08239
1.0885
1.08932
1.08291
1.06895
1.04925
1.02751
1.00841
0.996218
0.993507
1.00074
1.01641
1.03774
1.0618
1.08636
1.11038
1.13388
1.15748
1.18176
1.20689
1.23215
1.2563
1.27755
1.29398
1.30384
1.30565
1.29852
1.28248
1.25857
1.22905
1.19734
1.16747
1.14305
1.12635
1.11776
1.11566
1.117
1.1183
1.11671
1.11085
1.10134
1.09065
1.08233
1.07964
1.08448
1.09693
1.11556
1.13792
1.16116
1.18249
1.19933
1.20969
1.21234
1.20682
1.19337
1.17265
1.1457
1.11425
1.08136
1.05113
1.02752
1.01275
1.00684
1.00835
1.01543
1.02644
1.03974
1.05359
1.06613
1.07565
1.08131
1.08313
1.08214
1.07966
1.07682
1.07405
1.0712
1.06778
1.06329
1.05757
1.05106
1.04505
1.04161
1.0432
1.05188
1.06844
1.09183
1.11946
1.14813
1.17526
1.19934
1.21989
1.23705
1.25112
1.26226
1.27066
1.27644
1.27946
1.27924
1.27501
1.2659
1.25127
1.23118
1.20642
1.17843
1.14913
1.12059
1.09492
1.07371
1.05778
1.04715
1.04124
1.03927
1.04069
1.04502
1.05165
1.05968
1.068
1.0758
1.08297
1.09028
1.09902
1.11053
1.12506
1.14136
1.15718
1.17053
1.1804
1.18654
1.18895
1.18735
1.18128
1.17033
1.15446
1.13428
1.11113
1.0868
1.06328
1.04252
1.02639
1.01639
1.0134
1.01734
1.02708
1.04053
1.0551
1.06818
1.07764
1.08221
1.08165
1.077
1.07072
1.06615
1.06663
1.07431
1.08937
1.11013
1.134
1.15815
1.17996
1.19721
1.20823
1.21192
1.20785
1.19615
1.17749
1.15322
1.1252
1.09593
1.06843
1.0459
1.03125
1.02665
1.03314
1.05065
1.07787
1.11216
1.14977
1.18611
1.21643
1.23672
1.24421
1.23778
1.21798
1.18704
1.14876
1.10812
1.07081
1.04204
1.02525
1.02137
1.02902
1.04562
1.06847
1.09523
1.12388
1.15237
1.17826
1.19891
1.21173
1.21476
1.20772
1.19231
1.17197
1.15068
1.13181
1.11763
1.10947
1.10766
1.11176
1.12069
1.13285
1.14642
1.15945
1.16996
1.17619
1.17679
1.17103
1.15876
1.14072
1.11847
1.09444
1.07172
1.05369
1.04316
1.04149
1.04823
1.06144
1.07865
1.09788
1.11776
1.13726
1.15537
1.17091
1.18274
1.19013
1.19284
1.19107
1.18514
1.17567
1.16365
1.15061
1.13853
1.12947
1.12506
1.12587
1.13125
1.13969
1.14938
1.15874
1.16664
1.17236
1.17549
1.1761
1.17465
1.17196
1.16902
1.16668
1.16543
1.16526
1.16563
1.16543
1.16319
1.15773
1.14833
1.13491
1.11784
1.09779
1.07591
1.05381
1.03376
1.01801
1.00845
1.00604
1.01061
1.0209
1.03515
1.05153
1.06843
1.08477
1.09986
1.11316
1.12436
1.13334
1.14004
1.14447
1.14659
1.14674
1.14563
1.14432
1.14403
1.14594
1.15084
1.15893
1.16974
1.18199
1.19366
1.2022
1.20512
1.20062
1.18813
1.16848
1.144
1.11817
1.09514
1.07874
1.0713
1.07273
1.0807
1.0917
1.10225
1.10994
1.11367
1.1135
1.11005
1.10413
1.0967
1.08888
1.08186
1.07674
1.0743
1.07501
1.0792
1.08729
1.09979
1.11699
1.13847
1.16272
1.18706
1.20815
1.22266
1.22769
1.22158
1.20465
1.17961
1.1512
1.12536
1.10751
1.10066
1.10471
1.11703
1.13373
1.15072
1.16457
1.17301
1.17509
1.17114
1.16214
1.1493
1.13345
1.11517
1.09504
1.07388
1.05302
1.03437
1.02038
1.01365
1.01653
1.03019
1.05415
1.08594
1.12157
1.15647
1.18644
1.2086
1.22159
1.22551
1.22151
1.21119
1.19627
1.17844
1.15941
1.1411
1.12533
1.11384
1.10777
1.10739
1.11208
1.12049
1.13076
1.14064
1.14814
1.15194
1.15191
1.14912
1.14524
1.14152
1.13809
1.13404
1.12798
1.11877
1.10634
1.09197
1.07819
1.06797
1.06366
1.06629
1.07533
1.08922
1.10631
1.12544
1.14606
1.16803
1.1907
1.21268
1.23207
1.24694
1.25581
1.25808
1.25408
1.24483
1.23182
1.21669
1.20106
