1.45
1.43497
1.3908
1.31922
1.22223
1.10357
0.969423
0.82878
0.693185
0.575159
0.485505
0.430568
0.410666
0.420569
0.451555
0.493869
0.538697
0.579251
0.611117
0.632099
0.641822
0.641302
0.632546
0.61814
0.600894
0.583603
0.568709
0.558307
0.55413
0.557557
0.569493
0.590204
0.619029
0.654179
0.692839
0.731618
0.767196
0.796863
0.818847
0.832479
0.83819
0.837394
0.832121
0.824569
0.816768
0.81004
0.804915
0.801181
0.798183
0.795158
0.791498
0.78684
0.78101
0.773987
0.765861
0.756918
0.747636
0.738806
0.731503
0.726953
0.726165
0.729642
0.736968
0.746952
0.757977
0.768654
0.77824
0.78667
0.794223
0.801069
0.807009
0.811555
0.814187
0.814689
0.81316
0.809968
0.805513
0.800073
0.793646
0.786015
0.777146
0.767505
0.75812
0.750421
0.745619
0.743958
0.744433
0.745188
0.744224
0.740028
0.731862
0.719894
0.705206
0.6896
0.675198
0.663925
0.657165
0.655628
0.659307
0.667681
0.67977
0.694137
0.708946
0.722043
0.731341
0.735127
0.732471
0.723452
0.709198
0.691736
0.673703
0.658044
0.647605
0.644598
0.650251
0.664657
0.686769
0.714664
0.745852
0.777659
0.807484
0.833137
0.85305
0.866438
0.873285
0.874327
0.870824
0.864353
0.856522
0.848534
0.840792
0.832809
0.823588
0.81227
0.798715
0.783745
0.768605
0.754413
0.741692
0.730559
0.720941
0.712731
0.705728
0.699673
0.694365
0.689861
0.68664
0.685551
0.687491
0.692973
0.701901
0.713521
0.726746
0.740489
0.753931
0.766456
0.777591
0.786742
0.792964
0.795089
0.791983
0.783181
0.769498
0.753205
0.737531
0.725441
0.718144
0.714698
0.713052
0.711675
0.710428
0.71034
0.71274
0.718319
0.72672
0.736802
0.747254
0.75702
0.765448
0.772138
0.776787
0.779164
0.779333
0.777722
0.775227
0.773074
0.772453
0.774045
0.777708
0.782551
0.787201
0.790418
0.791503
0.790438
0.787678
0.78375
0.779006
0.77366
0.768092
0.762799
0.758311
0.754965
0.752846
0.751849
0.751646
0.751758
0.751766
0.7514
0.750658
0.749784
0.749096
0.749043
0.750004
0.752011
0.754777
0.757755
0.760292
0.761913
0.762576
0.762633
0.762747
0.7635
0.76495
0.766383
0.766487
0.764017
0.758347
0.749773
0.739484
0.72934
0.721302
0.716875
0.716727
0.720477
0.726802
0.733833
0.739592
0.742439
0.741408
0.736276
0.727511
0.716197
0.703834
0.692257
0.683526
0.679771
0.682656
0.692877
0.709768
0.731363
0.754892
0.777521
0.796961
0.811796
0.821539
0.826361
0.826907
0.824085
0.81874
0.81165
0.803392
0.794452
0.785172
0.775814
0.766521
0.757309
0.748193
0.739358
0.731515
0.725985
0.724387
0.728022
0.73703
0.75006
0.76457
0.777559
0.786489
0.790004
0.788228
0.782647
0.77548
0.768832
0.763978
0.761033
0.759229
0.757358
0.754559
0.750625
0.746069
0.741832
0.73874
0.737139
0.736686
0.736623
0.736228
0.735169
0.733795
0.733041
0.734079
0.7376
0.743309
0.749824
0.755363
0.758495
0.758452
0.755188
0.749144
0.740912
0.731104
0.7203
0.709176
0.698561
0.689368
0.682509
0.678775
0.678773
0.682766
0.690637
0.701887
0.715749
0.731306
0.747546
0.763329
0.777348
0.788205
0.794787
0.796684
0.794571
0.790168
0.785584
0.782307
0.780764
0.78035
0.780154
0.779575
0.778648
0.777896
0.777941
0.779154
0.781376
0.783867
0.78545
0.784825
0.780839
0.772922
0.761239
0.746754
0.731089
0.71611
0.703615
0.694957
0.690773
0.69094
0.694575
0.700179
0.706031
0.710815
0.714072
0.716239
0.718243
0.720917
0.724666
0.729523
0.735517
0.742807
0.751491
0.761356
0.771686
0.781241
0.788533
0.792338
0.791917
0.787242
0.778833
0.767683
0.755196
0.743193
0.733895
0.729386
0.73061
0.736779
0.745884
0.755754
0.764863
0.772431
0.778262
0.782595
0.786157
0.789861
0.794377
0.799621
0.80466
0.808112
0.808514
0.804688
0.795922
0.782075
0.763879
0.742935
0.721696
0.703153
0.690187
0.68488
0.688044
0.699172
0.716655
0.738082
0.7606
0.781203
0.797113
0.806347
0.808145
0.803169
0.793315
0.780923
0.767969
0.755752
0.744941
0.735928
0.72912
0.724855
0.723297
0.724399
0.727776
0.732748
0.738408
0.743666
0.74742
0.748723
0.747026
0.74234
0.735279
0.726933
0.718636
0.711642
0.706799
0.704484
0.704611
0.706799
0.710475
0.714856
0.71915
0.722623
0.724663
0.724994
0.723745
0.721459
0.719058
0.717723
0.718798
0.723506
0.73252
0.745657
0.761652
0.778304
0.792994
0.803292
0.807432
0.804581
0.794824
0.779188
0.759583
0.738498
0.718703
0.702953
0.693538
0.691863
0.698138
0.711287
0.729286
0.749566
0.769601
0.787291
0.801181
0.810517
0.815172
0.815563
0.81244
0.8068
0.799582
0.791572
0.783203
0.774564
0.76558
0.756204
0.746619
0.737377
0.729403
0.723792
0.721701
0.72404
0.731258
0.742881
0.75731
0.77189
0.783535
0.789774
0.789411
0.782847
0.77196
0.759392
0.747772
0.738933
0.73357
0.731418
0.731985
0.735073
0.74063
0.748154
0.75614
0.762204
0.763823
0.759186
0.747892
0.731187
0.711733
0.692998
0.678672
0.671893
0.674518
0.686672
0.706746
0.731851
0.758426
0.782749
0.801537
0.812234
0.813283
0.804233
0.785776
0.759907
0.729741
0.699375
0.673459
0.656603
0.652404
0.662352
0.68493
0.71583
0.749202
0.779405
0.80231
0.815731
0.819479
0.815056
0.805294
0.793932
0.784718
0.780459
0.782191
0.789111
0.798996
0.809105
0.816952
0.820957
0.820791
0.817244
0.811709
0.805684
0.800152
0.795332
0.790537
0.784685
0.776677
0.765897
0.752618
0.737955
0.723518
0.710932
0.701247
0.694791
0.691285
0.690246
0.691333
0.69451
0.699875
0.707246
0.715933
0.724771
0.732454
0.737948
0.740711
0.74057
0.737424
0.731179
0.72195
0.710442
0.698044
0.686794
0.679025
0.676963
0.682354
0.695977
0.717192
0.743766
0.77236
0.799503
0.822453
0.839478
0.849821
0.853538
0.851257
0.844212
0.834132
0.822831
0.811759
0.801467
0.791496
0.780631
0.767657
0.752004
0.734057
0.715114
0.697115
0.682138
0.671923
0.667414
0.66871
0.675134
0.685714
0.699719
0.716882
0.737307
0.760886
0.78665
0.812438
0.835208
0.851806
0.859821
0.85794
0.846036
0.825156
0.797359
0.765683
0.733767
0.705406
0.683805
0.670937
0.66721
0.671556
0.682002
0.696452
0.713179
0.730951
0.748879
0.766126
0.781688
0.794355
0.802996
0.806751
0.805255
0.798789
0.788387
0.775921
0.764143
0.755992
0.75356
0.757025
0.764565
0.773157
0.779785
0.782295
0.779762
0.772459
0.761618
0.749197
0.737496
0.728745
0.72465
0.72583
0.731552
0.739986
0.748973
0.756704
0.761881
0.763603
0.76143
0.755464
0.746504
0.736175
0.726701
0.720617
0.720152
0.726592
0.739834
0.758304
0.779388
0.800147
0.817978
0.831004
0.838146
0.839054
0.834142
0.824444
0.811505
0.797087
0.782732
0.769525
0.758071
0.748462
0.740357
0.733169
0.726228
0.719086
0.711639
0.704281
0.697782
0.692967
0.69027
0.689569
0.69028
0.691521
0.692404
0.692362
0.691434
0.690403
0.690607
0.693397
0.699601
0.709265
0.721643
0.735435
0.74904
0.760823
0.769344
0.773692
0.773767
0.770473
0.765776
0.762162
0.762073
0.766923
0.776521
0.789031
0.801777
0.812247
0.818897
0.821401
0.820412
0.816935
0.811859
0.805592
0.798265
0.790043
0.781413
0.773142
0.766218
0.761604
0.759953
0.761364
0.765275
0.770397
0.77501
0.77741
0.776394
0.771674
0.763976
0.754776
0.745726
0.73811
0.73243
0.728455
0.725572
0.723186
0.721001
0.719199
0.718393
0.719305
0.722414
0.727694
0.734569
0.742145
0.749498
0.755821
0.76053
0.763177
0.763329
0.760501
0.754275
0.744417
0.731164
0.715503
0.69906
0.68367
0.670956
0.662003
0.657368
0.657328
0.661943
0.671071
0.684311
0.700876
0.719714
0.739684
0.759746
0.779052
0.796933
0.812922
0.826485
0.837108
0.844273
0.847573
0.846782
0.842134
0.834326
0.824441
0.813637
0.802895
0.792832
0.783608
0.775109
0.767234
0.760065
0.753967
0.749577
0.747351
0.747338
0.749225
0.752318
0.755922
0.759479
0.76275
0.765665
0.768154
0.769805
0.769851
0.767345
0.761371
0.751515
0.738189
0.722786
0.707537
0.695037
0.687557
0.686303
0.691043
0.700148
0.711117
0.721304
0.728792
0.732839
0.734147
0.734565
0.7363
0.74107
0.749327
0.760185
0.771832
0.782258
0.789815
0.793745
0.79418
0.791964
0.78838
0.784805
0.782301
0.781419
0.782156
0.784
0.785972
0.786803
0.78496
0.778919
0.767719
0.751593
0.732375
0.713341
0.698162
0.689492
0.687873
0.691952
0.699566
0.708806
0.7183
0.72706
0.734242
0.739189
0.741749
0.742517
0.742644
0.743518
0.746278
0.751493
0.758994
0.767933
0.777134
0.785557
0.792666
0.798505
0.803388
0.807675
0.811383
0.814154
0.815405
0.81456
0.811157
0.805162
0.797064
0.787734
0.778152
0.769128
0.760927
0.753284
0.745647
0.73748
0.728658
0.719582
0.711044
0.703951
0.698923
0.696123
0.695256
0.695831
0.697387
0.699478
0.701791
0.704262
0.707319
0.711942
0.719369
0.730474
0.745239
0.76256
0.780347
0.7961
0.807584
0.81344
0.813481
0.808369
0.799091
0.7866
0.771939
0.756307
0.741063
0.727568
0.71691
0.709812
0.706618
0.707261
0.711434
0.718533
0.727671
0.737655
0.747274
0.755612
0.762291
0.76756
0.771996
0.776205
0.780412
0.784386
0.787416
0.788684
0.787483
0.783517
0.777052
0.768867
0.76014
0.75213
0.745906
0.742173
0.741059
0.74222
0.744977
0.748557
0.752255
0.7555
0.758065
0.759944
0.761232
0.761983
0.762089
0.761121
0.758509
0.753685
0.746156
0.735751
0.722804
0.708162
0.693216
0.679608
0.668977
0.662598
0.661194
0.664889
0.673233
0.685341
0.700098
0.716375
0.733195
0.749708
0.765178
0.778948
0.790472
0.79934
0.805242
0.807972
0.80739
0.803377
0.795953
