1.89818
1.89264
1.88305
1.86871
1.84863
1.82148
1.78559
1.73914
1.68047
1.60851
1.52346
1.42764
1.32596
1.2258
1.13555
1.06251
1.01098
0.981579
0.971871
0.97754
0.993594
1.01518
1.0381
1.05919
1.07637
1.08879
1.09663
1.10096
1.10321
1.10467
1.10603
1.10721
1.10738
1.10528
1.09949
1.08899
1.07362
1.05448
1.03381
1.01423
0.997808
0.985464
0.977099
0.972304
0.970933
0.973183
0.979177
0.988508
1.00009
1.01229
1.02332
1.03158
1.03598
1.03599
1.03181
1.02446
1.01567
1.00749
1.00146
0.998169
0.997421
0.998755
1.00179
1.00621
1.01157
1.01704
1.0216
1.02431
1.02482
1.02367
1.02226
1.02222
1.0247
1.02988
1.03692
1.04443
1.05097
1.05566
1.05847
1.06008
1.06133
1.0625
1.06312
1.06238
1.05999
1.05659
1.05332
1.05113
1.05046
1.05134
1.05352
1.0566
1.06004
1.06315
1.06516
1.06543
1.0635
1.05912
1.05228
1.04308
1.03177
1.0186
1.00387
0.988058
0.972119
0.957625
0.946503
0.940476
0.940606
0.947239
0.959865
0.976894
0.995759
1.01368
1.02845
1.03874
1.04411
1.04483
1.04171
1.03605
1.02942
1.02322
1.01824
1.01437
1.01094
1.00744
1.00413
1.0021
1.00256
1.00635
1.01357
1.02382
1.0364
1.05045
1.0649
1.07843
1.08973
1.09765
1.10171
1.10241
1.10124
1.10012
1.1003
1.10158
1.10255
1.10159
1.09785
1.09179
1.08516
1.08023
1.07854
1.07999
1.08305
1.0856
1.08585
1.08264
1.07554
1.06477
1.05132
1.03731
1.02619
1.02168
1.02516
1.03402
1.04349
1.05006
1.05318
1.05457
1.05663
1.06081
1.06724
1.07515
1.08357
1.09167
1.09918
1.10644
1.11382
1.12069
1.12516
1.12499
1.11884
1.10707
1.09199
1.07747
1.06759
1.06474
1.06845
1.07608
1.08464
1.09216
1.09793
1.1019
1.10397
1.10367
1.10017
1.09269
1.08105
1.06585
1.89818
1.89264
1.88305
1.86871
1.84863
1.82148
1.78559
1.73914
1.68047
1.60851
1.52346
1.42764
1.32596
1.2258
1.13555
1.06251
1.01098
0.981579
0.971871
0.97754
0.993594
1.01518
1.0381
1.05919
1.07637
1.08879
1.09663
1.10096
1.10321
1.10467
1.10603
1.10721
1.10738
1.10528
1.09949
1.08899
1.07362
1.05448
1.03381
1.01423
0.997808
0.985464
0.977099
0.972304
0.970933
0.973183
0.979177
0.988508
1.00009
1.01229
1.02332
1.03158
1.03598
1.03599
1.03181
1.02446
1.01567
1.00749
1.00146
0.998169
0.997421
0.998755
1.00179
1.00621
1.01157
1.01704
1.0216
1.02431
1.02482
1.02367
1.02226
1.02222
1.0247
1.02988
1.03692
1.04443
1.05097
1.05566
1.05847
1.06008
1.06133
1.0625
1.06312
1.06238
1.05999
1.05659
1.05332
1.05113
1.05046
1.05134
1.05352
1.0566
1.06004
1.06315
1.06516
1.06543
1.0635
1.05912
1.05228
1.04308
1.03177
1.0186
1.00387
0.988058
0.972119
0.957625
0.946503
0.940476
0.940606
0.947239
0.959865
0.976894
0.995759
1.01368
1.02845
1.03874
1.04411
1.04483
1.04171
1.03605
1.02942
1.02322
1.01824
1.01437
1.01094
1.00744
1.00413
1.0021
1.00256
1.00635
1.01357
1.02382
1.0364
1.05045
1.0649
1.07843
1.08973
1.09765
1.05521
1.04461
1.03803
1.03546
1.03545
1.03587
1.03492
1.03183
1.02702
1.02178
1.01759
1.01562
1.01628
1.0192
1.02338
1.02756
1.03057
1.03165
1.03053
1.02735
1.02243
1.01617
1.0091
1.00201
0.996053
0.99256
0.992619
0.996472
1.00327
1.01127
1.0183
1.02251
1.02305
1.02107
1.01984
1.0231
1.03219
1.04483
1.057
1.06535
1.06821
1.06544
1.05794
1.04726
1.03526
1.0239
1.01479
1.00872
1.00516
1.0024
0.998131
0.990483
0.978878
0.964438
0.949821
0.938392
0.93309
0.935526
0.945693
0.962256
0.982905
1.00481
1.02511
1.04147
1.05262
1.05851
1.0602
1.05928
1.05751
1.05624
1.05622
1.05737
1.05891
1.05955
1.05794
1.05297
1.04405
1.03133
1.01575
0.999056
0.983613
0.971955
0.966222
0.967497
0.975258
0.987479
1.00129
1.01394
1.02365
1.03013
1.03455
1.03877
1.04404
1.05026
1.05632
1.06108
1.06406
1.06542
1.06571
1.06549
1.06505
1.06427
1.06265
1.05966
1.05513
1.04962
1.04439
1.04104
1.04092
1.04451
1.05128
1.05999
1.06928
1.07822
1.08658
1.09459
1.10245
1.10989
1.11611
1.12023
1.12181
1.12133
1.11986
1.11847
1.11752
1.11669
1.11552
1.11401
1.11264
1.11201
1.11245
1.11378
1.1153
1.11608
1.11513
1.1117
1.10535
1.09601
1.08404
1.07013
1.05528
1.0407
1.02782
1.01823
1.01334
1.01385
1.01927
1.02798
1.03778
1.04667
1.05312
1.05591
1.05405
1.04689
1.0349
1.02036
1.0071
0.998663
0.996223
0.998637
1.00413
1.01143
1.01974
1.02811
1.03527
1.0399
1.04105
1.03864
1.0336
1.02763
1.0228
1.02094
1.02311
1.02933
1.03872
1.05002
1.06211
1.07442
1.0868
1.09926
1.11136
1.12197
1.12943
1.13205
1.12866
1.11921
1.10523
1.0898
1.07687
1.06966
1.06936
1.07478
1.08324
1.09172
1.09774
1.09984
1.09758
1.09142
1.08235
1.07139
1.0593
1.04636
1.03253
1.01772
1.00208
0.986069
0.970458
0.956228
0.944497
0.936542
0.933594
0.936507
0.945458
0.959878
0.978781
1.00109
1.02573
1.05144
1.07641
1.09829
1.11463
1.12363
1.12465
1.11838
1.10636
1.09072
1.07399
1.05891
1.04784
1.04216
1.04192
1.04612
1.05333
1.06222
1.07164
1.08064
1.08832
1.09384
1.09635
1.09481
1.08813
1.07558
1.05748
1.03556
1.01296
0.993827
0.982171
0.979921
0.985894
0.996912
1.00975
1.0221
1.03242
1.03989
1.04431
1.04618
1.04641
1.04593
1.04541
1.04535
1.04625
1.04856
1.05259
1.05824
1.06483
1.07143
1.07712
1.08132
1.08392
1.08517
1.08532
1.08446
1.08261
1.08006
1.07775
1.07708
1.07923
1.08431
1.09096
1.09681
1.09955
1.09769
1.09085
1.07977
1.06605
1.05198
1.04018
1.03293
1.0311
1.03362
1.03823
1.0429
1.04671
1.0497
1.05236
1.05514
1.05826
1.06157
1.06451
1.06619
1.06563
1.06207
1.05518
1.04534
1.03397
1.02346
1.01646
1.01434
1.01616
1.01933
1.02142
1.0214
1.01947
1.01637
1.01332
1.01259
1.01691
1.02717
1.04106
1.0549
1.06608
1.07374
1.07802
1.07936
1.07807
1.0744
1.06859
1.06097
1.05197
1.04204
1.0316
1.02098
1.01038
1.00009
0.99052
0.982377
0.976432
0.973192
0.97263
0.974268
0.977473
0.981732
0.986792
0.992599
0.999174
1.00652
1.01452
1.02285
1.03097
1.03815
1.04359
1.04663
1.04687
1.0443
1.03928
1.03244
1.02449
1.01619
1.00848
1.00252
0.999404
0.999406
1.0018
1.00552
1.01018
1.01643
1.02564
1.03871
1.05501
1.07216
1.08713
1.09753
1.10242
1.10216
1.09783
1.0906
1.08157
1.07157
1.06118
1.05077
1.04072
1.03154
1.02381
1.01806
1.01467
1.01383
1.01544
1.01908
1.0239
1.02883
1.03286
1.03537
1.03634
1.03632
1.03618
1.03671
1.03827
1.04068
1.0433
1.04548
1.04686
1.04742
1.04735
1.04672
1.04537
1.04289
1.03891
1.03347
1.02723
1.0216
1.01809
1.01749
1.01935
1.02224
1.02473
1.02624
1.02714
1.02826
1.0302
1.03307
1.03644
1.03985
1.04299
1.04574
1.04778
1.04851
1.04699
1.04215
1.03323
1.02015
1.00404
0.987311
0.973252
0.965059
0.964604
0.971679
0.984187
0.999002
1.01294
1.02343
1.02886
1.0288
1.02409
1.01681
1.00979
1.00581
1.00673
1.01308
1.02428
1.03907
1.0559
1.07313
1.08941
1.10387
1.11616
1.1263
1.13432
1.14011
1.1434
1.14381
1.14103
1.1349
1.12563
1.11396
1.1012
1.08898
1.07861
1.07057
1.06436
1.05917
1.05453
1.05064
1.04815
1.04747
1.04825
1.04958
1.05055
1.05079
1.0503
1.049
1.04644
1.04187
1.03461
1.02456
1.01248
1.00004
0.989635
0.983777
0.984305
0.99168
1.00474
1.02099
1.03728
1.05075
1.05973
1.06412
1.06495
1.06366
1.06139
1.05891
1.0567
1.0551
1.05435
1.05471
1.05654
1.06006
1.06494
1.07015
1.07427
1.0761
1.07498
1.07086
1.06429
1.05636
1.04874
1.04334
1.04161
1.04366
1.04793
1.05172
1.05222
1.04774
1.03838
1.02615
1.01433
1.00627
1.00408
1.00803
1.01692
1.02893
1.04234
1.05579
1.06829
1.07908
1.08762
1.09357
1.09684
1.09759
1.09616
1.09312
1.08919
1.08519
1.08191
1.07989
1.07923
1.0795
1.0798
1.07907
1.07638
1.07128
1.06392
1.05513
1.04614
1.03834
1.03279
1.03006
1.03005
1.03215
1.03546
1.03891
1.04128
1.04117
1.03719
1.02829
1.01418
0.995772
0.975309
0.956075
0.941446
0.933729
0.933345
0.939073
0.948998
0.961342
0.974726
0.988022
1.00002
1.00937
1.01483
1.01557
1.01131
1.00237
0.989534
0.973844
0.956563
0.939242
0.923758
0.912229
0.906705
0.908774
0.919147
0.937387
0.961984
0.990625
1.02049
1.04851
1.07189
1.08869
1.09827
1.10144
1.09987
1.09514
1.08767
1.07671
1.06122
1.04112
1.01785
0.994186
0.973314
0.95783
0.948998
0.946679
0.94986
0.957332
0.967972
0.980491
0.993159
1.00415
1.01231
1.01784
1.02204
1.02647
1.03183
1.03765
1.04273
1.04597
1.04699
1.04615
1.04434
1.04249
1.04133
1.04125
1.04239
1.04475
1.0482
1.0525
1.05743
1.06314
1.07024
1.07949
1.0908
1.10249
1.11198
1.11709
1.11708
1.11278
1.10612
1.09939
1.09444
1.09202
1.09158
1.09179
1.09117
1.08868
1.08396
1.07762
1.07117
1.06663
1.06562
1.06851
1.07418
1.08057
1.0856
1.08774
1.08628
1.08116
1.07287
1.06213
1.04986
1.03698
1.02438
1.01271
1.00222
0.992803
0.984192
0.976142
0.968433
0.960858
0.953241
0.945679
0.938938
0.934672
0.935126
0.942197
0.956293
0.975938
0.998423
1.02088
1.04109
1.05771
1.07034
1.0793
1.08546
1.08993
1.09355
1.09651
1.09834
1.09867
1.09817
1.09856
1.1015
1.10726
1.11446
1.12105
1.12537
1.1267
1.12519
1.12144
1.11604
1.10934
1.10131
1.09178
1.0807
1.06839
1.05597
1.04548
1.03957
1.03995
1.04622
1.05626
1.06773
1.07899
1.08931
1.09865
1.10737
1.11579
1.12374
1.13034
1.1343
1.1345
1.13051
1.12273
1.11221
1.10018
1.08748
1.07426
1.05992
1.04367
1.02533
1.00604
0.988131
0.974278
0.966212
0.964182
0.967346
0.974473
0.98428
0.995394
1.00631
1.01558
1.02212
1.02552
1.02605
1.0246
1.02241
1.02073
1.02056
1.02239
1.02628
1.03204
1.03956
1.04877
1.05948
1.07106
1.08237
1.09207
1.09903
1.1026
1.10275
1.09994
1.09496
1.08863
1.08139
1.07309
1.06303
1.05042
1.03488
1.01686
0.997643
0.97909
0.963111
0.951171
0.943901
0.940965
0.941247
0.943198
0.945227
0.946146
0.945439
0.943314
0.940465
0.93768
0.935431
0.933597
0.931595
0.928814
0.9251
0.920968
0.917401
0.915476
0.916038
0.919612
0.926286
0.935373
0.945161
0.95328
0.957867
0.95861
0.956968
0.95522
0.955231
0.957749
0.962421
0.968336
0.974488
0.980088
0.984916
0.98944
0.994568
1.00094
1.00827
1.0154
1.02082
1.02335
1.02245
1.0182
1.0112
1.00252
0.993787
0.987303
0.985945
0.992264
1.00682
1.0271
1.04849
1.06665
1.07912
1.08557
1.08716
1.08567
1.08269
1.07912
1.07522
1.07075
1.06549
1.05937
1.05257
1.04538
1.03817
1.03133
1.02525
1.02034
1.01693
1.01523
1.01535
1.01734
1.02107
1.02617
1.03182
1.03703
1.0409
1.04292
1.04305
1.04144
1.03823
1.03355
1.02758
1.02084
1.01425
1.00904
1.00644
1.00719
1.01132
1.01808
1.02631
1.03483
1.04266
1.04915
1.05394
1.05685
1.05781
1.05676
1.05363
1.04847
1.0417
1.03438
1.02829
1.02557
1.02754
1.03369
1.04187
1.04966
1.05536
1.05829
1.05845
1.05639
1.05335
1.05137
1.05278
1.05926
1.07094
1.08631
1.10287
1.11807
1.12988
1.13704
1.13902
1.13588
1.12829
1.11753
1.10543
1.09409
1.08511
1.079
1.07513
1.07251
1.07058
1.06964
1.07043
1.07285
1.07532
1.07552
1.07168
1.06314
1.05012
1.03345
1.0145
0.995364
0.978673
0.967178
0.962918
0.966553
0.977256
0.993257
1.01252
1.03314
1.05343
1.07178
1.08649
1.09595
1.09879
1.09419
1.08214
1.06375
1.0412
1.0174
0.995227
0.976791
0.96305
0.953984
0.948997
0.947284
0.948074
0.950687
0.954481
0.958758
0.962894
0.966474
0.969573
0.972863
0.977488
0.984656
0.995151
1.00902
1.02554
1.04341
1.06117
1.07743
1.09102
1.10116
1.10752
1.11027
1.11015
1.10835
1.1065
1.10632
1.10922
1.1157
1.12512
1.13595
1.14615
1.15374
1.15711
1.1552
1.14768
1.13486
1.11762
1.09715
1.07474
1.05163
1.029
1.00794
0.989452
0.974536
0.964376
0.960404
0.963854
0.974833
0.991651
1.01102
