2.84726
2.83897
2.82457
2.80306
2.77294
2.73222
2.67839
2.60872
2.52071
2.41276
2.2852
2.14146
1.98894
1.8387
1.70332
1.59376
1.51646
1.47237
1.45781
1.46631
1.49039
1.52276
1.55716
1.58878
1.61456
1.63318
1.64495
1.65144
1.65481
1.657
1.65905
1.66082
1.66107
1.65792
1.64924
1.63348
1.61042
1.58172
1.55071
1.52134
1.49671
1.4782
1.46565
1.45846
1.4564
1.45977
1.46876
1.48276
1.50014
1.51844
1.53498
1.54737
1.55397
1.55398
1.54771
1.53668
1.52351
1.51124
1.50218
1.49725
1.49613
1.49813
1.50268
1.50931
1.51735
1.52556
1.53241
1.53647
1.53722
1.5355
1.53338
1.53333
1.53705
1.54482
1.55538
1.56665
1.57646
1.58349
1.58771
1.59013
1.59199
1.59375
1.59468
1.59357
1.58999
1.58489
1.57998
1.57669
1.57569
1.577
1.58027
1.5849
1.59006
1.59472
1.59774
1.59815
1.59525
1.58868
1.57842
1.56462
1.54765
1.5279
1.50581
1.48209
1.45818
1.43644
1.41976
1.41071
1.41091
1.42086
1.4398
1.46534
1.49364
1.52052
1.54267
1.55811
1.56617
1.56724
1.56256
1.55407
1.54413
1.53483
1.52735
1.52155
1.51641
1.51115
1.5062
1.50314
1.50384
1.50952
1.52035
1.53573
1.5546
1.57568
1.59734
1.61765
1.6346
1.64648
1.65256
1.65361
1.65186
1.65017
1.65044
1.65237
1.65383
1.65238
1.64677
1.63769
1.62774
1.62035
1.61781
1.61999
1.62457
1.6284
1.62878
1.62397
1.61331
1.59715
1.57698
1.55596
1.53928
1.53253
1.53774
1.55102
1.56523
1.57509
1.57976
1.58186
1.58495
1.59122
1.60085
1.61272
1.62535
1.6375
1.64877
1.65967
1.67073
1.68103
1.68775
1.68749
1.67826
1.6606
1.63799
1.6162
1.60139
1.59711
1.60267
1.61411
1.62695
1.63824
1.6469
1.65285
1.65595
1.6555
1.65025
1.63904
1.62158
1.59877
2.84726
2.83897
2.82457
2.80306
2.77294
2.73222
2.67839
2.60872
2.52071
2.41276
2.2852
2.14146
1.98894
1.8387
1.70332
1.59376
1.51646
1.47237
1.45781
1.46631
1.49039
1.52276
1.55716
1.58878
1.61456
1.63318
1.64495
1.65144
1.65481
1.657
1.65905
1.66082
1.66107
1.65792
1.64924
1.63348
1.61042
1.58172
1.55071
1.52134
1.49671
1.4782
1.46565
1.45846
1.4564
1.45977
1.46876
1.48276
1.50014
1.51844
1.53498
1.54737
1.55397
1.55398
1.54771
1.53668
1.52351
1.51124
1.50218
1.49725
1.49613
1.49813
1.50268
1.50931
1.51735
1.52556
1.53241
1.53647
1.53722
1.5355
1.53338
1.53333
1.53705
1.54482
1.55538
1.56665
1.57646
1.58349
1.58771
1.59013
1.59199
1.59375
1.59468
1.59357
1.58999
1.58489
1.57998
1.57669
1.57569
1.577
1.58027
1.5849
1.59006
1.59472
1.59774
1.59815
1.59525
1.58868
1.57842
1.56462
1.54765
1.5279
1.50581
1.48209
1.45818
1.43644
1.41976
1.41071
1.41091
1.42086
1.4398
1.46534
1.49364
1.52052
1.54267
1.55811
1.56617
1.56724
1.56256
1.55407
1.54413
1.53483
1.52735
1.52155
1.51641
1.51115
1.5062
1.50314
1.50384
1.50952
1.52035
1.53573
1.5546
1.57568
1.59734
1.61765
1.6346
1.64648
1.58281
1.56691
1.55705
1.55318
1.55317
1.55381
1.55238
1.54775
1.54054
1.53266
1.52639
1.52343
1.52442
1.5288
1.53507
1.54134
1.54586
1.54748
1.5458
1.54103
1.53364
1.52426
1.51365
1.50302
1.49408
1.48884
1.48893
1.49471
1.50491
1.5169
1.52745
1.53376
1.53458
1.5316
1.52976
1.53465
1.54828
1.56724
1.58549
1.59802
1.60231
1.59815
1.58691
1.57088
1.55288
1.53585
1.52219
1.51308
1.50775
1.5036
1.4972
1.48572
1.46832
1.44666
1.42473
1.40759
1.39964
1.40329
1.41854
1.44338
1.47436
1.50722
1.53766
1.56221
1.57892
1.58777
1.59029
1.58892
1.58626
1.58436
1.58433
1.58606
1.58836
1.58933
1.58691
1.57945
1.56607
1.547
1.52362
1.49858
1.47542
1.45793
1.44933
1.45125
1.46289
1.48122
1.50193
1.52091
1.53547
1.54519
1.55183
1.55815
1.56605
1.57539
1.58447
1.59162
1.59608
1.59813
1.59857
1.59823
1.59757
1.5964
1.59397
1.58949
1.5827
1.57443
1.56658
1.56156
1.56139
1.56677
1.57693
1.58999
1.60392
1.61733
1.62988
1.64189
1.65367
1.66483
1.67417
1.68034
1.68272
1.68199
1.67979
1.6777
1.67629
1.67504
1.67328
1.67101
1.66896
1.66802
1.66868
1.67067
1.67296
1.67412
1.6727
1.66755
1.65802
1.64401
1.62606
1.6052
1.58292
1.56105
1.54174
1.52734
1.52001
1.52077
1.5289
1.54197
1.55667
1.57001
1.57968
1.58387
1.58107
1.57034
1.55235
1.53054
1.51065
1.498
1.49433
1.49796
1.50619
1.51715
1.52961
1.54217
1.55291
1.55985
1.56157
1.55797
1.5504
1.54144
1.5342
1.53141
1.53466
1.54399
1.55808
1.57503
1.59317
1.61162
1.6302
1.64889
1.66704
1.68295
1.69414
1.69807
1.69299
1.67882
1.65785
1.6347
1.6153
1.6045
1.60405
1.61217
1.62485
1.63758
1.64661
1.64976
1.64638
1.63713
1.62352
1.60708
1.58895
1.56954
1.54879
1.52658
1.50312
1.4791
1.45569
1.43434
1.41675
1.40481
1.40039
1.40476
1.41819
1.43982
1.46817
1.50163
1.5386
1.57716
1.61461
1.64744
1.67195
1.68544
1.68698
1.67757
1.65954
1.63608
1.61098
1.58836
1.57177
1.56325
1.56288
1.56917
1.58
1.59333
1.60747
1.62096
1.63248
1.64076
1.64453
1.64222
1.63219
1.61337
1.58622
1.55334
1.51944
1.49074
1.47326
1.46988
1.47884
1.49537
1.51463
1.53314
1.54863
1.55983
1.56646
1.56927
1.56962
1.56889
1.56811
1.56803
1.56937
1.57283
1.57889
1.58736
1.59725
1.60715
1.61568
1.62198
1.62589
1.62776
1.62798
1.6267
1.62391
1.62009
1.61662
1.61562
1.61885
1.62647
1.63643
1.64521
1.64932
1.64653
1.63627
1.61965
1.59907
1.57796
1.56026
1.5494
1.54665
1.55043
1.55735
1.56435
1.57006
1.57456
1.57854
1.5827
1.58739
1.59236
1.59677
1.59928
1.59845
1.59311
1.58277
1.56801
1.55095
1.53519
1.52469
1.52151
1.52423
1.52899
1.53213
1.5321
1.5292
1.52456
1.51998
1.51888
1.52537
1.54076
1.56159
1.58235
1.59912
1.61061
1.61704
1.61904
1.6171
1.6116
1.60289
1.59145
1.57795
1.56306
1.5474
1.53146
1.51557
1.50013
1.48578
1.47357
1.46465
1.45979
1.45894
1.4614
1.46621
1.4726
1.48019
1.4889
1.49876
1.50979
1.52178
1.53427
1.54646
1.55722
1.56539
1.56995
1.57031
1.56645
1.55892
1.54867
1.53674
1.52429
1.51271
1.50378
1.49911
1.49911
1.5027
1.50828
1.51526
1.52464
1.53846
1.55807
1.58251
1.60824
1.63069
1.6463
1.65363
1.65325
1.64674
1.6359
1.62236
1.60736
1.59177
1.57615
1.56107
1.54731
1.53571
1.52709
1.522
1.52074
1.52317
1.52862
1.53585
1.54324
1.54929
1.55306
1.55452
1.55448
1.55427
1.55506
1.55741
1.56102
1.56495
1.56822
1.57029
1.57113
1.57102
1.57008
1.56805
1.56433
1.55837
1.5502
1.54085
1.53241
1.52714
1.52624
1.52902
1.53336
1.5371
1.53936
1.54071
1.54239
1.54531
1.5496
1.55467
1.55977
1.56448
1.56861
1.57167
1.57277
1.57048
1.56323
1.54985
1.53023
1.50606
1.48097
1.45988
1.44759
1.44691
1.45752
1.47628
1.4985
1.51941
1.53514
1.54329
1.5432
1.53614
1.52521
1.51468
1.50871
1.51009
1.51962
1.53643
1.55861
1.58385
1.6097
1.63412
1.65581
1.67425
1.68945
1.70148
1.71017
1.71509
1.71572
1.71154
1.70235
1.68844
1.67093
1.6518
1.63346
1.61792
1.60586
1.59654
1.58876
1.58179
1.57596
1.57223
1.57121
1.57238
1.57438
1.57583
1.57619
1.57545
1.57349
1.56967
1.5628
1.55191
1.53684
1.51872
1.50006
1.48445
1.47567
1.47646
1.48752
1.50711
1.53149
1.55592
1.57612
1.5896
1.59618
1.59743
1.59549
1.59209
1.58837
1.58505
1.58265
1.58152
1.58206
1.58481
1.59009
1.59741
1.60522
1.6114
1.61414
1.61246
1.60629
1.59643
1.58454
1.57311
1.56502
1.56241
1.56548
1.5719
1.57757
1.57833
1.57161
1.55757
1.53922
1.5215
1.50941
1.50612
1.51205
1.52538
1.5434
1.56351
1.58369
1.60244
1.61862
1.63143
1.64036
1.64527
1.64638
1.64424
1.63969
1.63379
1.62779
1.62286
1.61984
1.61885
1.61925
1.6197
1.6186
1.61458
1.60692
1.59589
1.58269
1.56922
1.55751
1.54919
1.54509
1.54507
1.54822
1.55318
1.55837
1.56191
1.56175
1.55579
1.54244
1.52126
1.49366
1.46296
1.43411
1.41217
1.40059
1.40002
1.40861
1.4235
1.44201
1.46209
1.48203
1.50003
1.51406
1.52225
1.52336
1.51697
1.50355
1.4843
1.46077
1.43484
1.40886
1.38564
1.36834
1.36006
1.36316
1.37872
1.40608
1.44298
1.48594
1.53074
1.57277
1.60783
1.63303
1.64741
1.65215
1.64981
1.6427
1.63151
1.61506
1.59183
1.56167
1.52678
1.49128
1.45997
1.43674
1.4235
1.42002
1.42479
1.436
1.45196
1.47074
1.48974
1.50622
1.51847
1.52675
1.53306
1.53971
1.54775
1.55648
1.56409
1.56896
1.57049
1.56923
1.5665
1.56373
1.56199
1.56187
1.56359
1.56713
1.57231
1.57875
1.58615
1.59471
1.60536
1.61924
1.6362
1.65374
1.66797
1.67564
1.67562
1.66917
1.65918
1.64909
1.64166
1.63803
1.63736
1.63768
1.63676
1.63301
1.62594
1.61643
1.60676
1.59995
1.59843
1.60277
1.61127
1.62086
1.6284
1.63161
1.62942
1.62175
1.6093
1.5932
1.5748
1.55546
1.53656
1.51907
1.50334
1.4892
1.47629
1.46421
1.45265
1.44129
1.42986
1.41852
1.40841
1.40201
1.40269
1.41329
1.43444
1.46391
1.49763
1.53133
1.56163
1.58657
1.60551
1.61895
1.6282
1.6349
1.64032
1.64476
1.6475
1.64801
1.64725
1.64784
1.65225
1.66089
1.6717
1.68158
1.68805
1.69004
1.68778
1.68216
1.67407
1.66401
1.65197
1.63767
1.62104
1.60259
1.58395
1.56822
1.55935
1.55993
1.56933
1.58439
1.60159
1.61849
1.63396
1.64798
1.66106
1.67369
1.68561
1.69551
1.70145
1.70175
1.69576
1.68409
1.66832
1.65027
1.63122
1.61138
1.58988
1.56551
1.538
1.50905
1.4822
1.46142
1.44932
1.44627
1.45102
1.46171
1.47642
1.49309
1.50947
1.52336
1.53319
1.53828
1.53908
1.5369
1.53361
1.53109
1.53084
1.53359
1.53942
1.54806
1.55934
1.57316
1.58922
1.60659
1.62356
1.63811
1.64854
1.6539
1.65413
1.64991
1.64244
1.63294
1.62208
1.60963
1.59455
1.57563
1.55232
1.52528
1.49646
1.46864
1.44467
1.42676
1.41585
1.41145
1.41187
1.4148
1.41784
1.41922
1.41816
1.41497
1.4107
1.40652
1.40315
1.4004
1.39739
1.39322
1.38765
1.38145
1.3761
1.37321
1.37406
1.37942
1.38943
1.40306
1.41774
1.42992
1.4368
1.43792
1.43545
1.43283
1.43285
1.43662
1.44363
1.4525
1.46173
1.47013
1.47737
1.48416
1.49185
1.5014
1.5124
1.5231
1.53124
1.53503
1.53367
1.5273
1.5168
1.50378
1.49068
1.48095
1.47892
1.4884
1.51023
1.54065
1.57274
1.59998
1.61868
1.62836
1.63074
1.62851
1.62403
1.61869
1.61282
1.60613
1.59823
1.58905
1.57885
1.56807
1.55726
1.54699
1.53787
1.53051
1.5254
1.52285
1.52303
1.52601
1.53161
1.53925
1.54773
1.55554
1.56134
1.56439
1.56458
1.56215
1.55735
1.55032
1.54137
1.53125
1.52137
1.51357
1.50966
1.51079
1.51698
1.52711
1.53947
1.55225
1.56399
1.57373
1.58091
1.58527
1.58671
1.58514
1.58044
1.57271
1.56256
1.55157
1.54243
1.53835
1.54131
1.55053
1.56281
1.57449
1.58305
1.58744
1.58768
1.58459
1.58003
1.57705
1.57917
1.58889
1.60641
1.62946
1.6543
1.6771
1.69482
1.70556
1.70853
1.70382
1.69244
1.67629
1.65814
1.64113
1.62767
1.61849
1.6127
1.60877
1.60587
1.60447
1.60565
1.60928
1.61298
1.61329
1.60752
1.5947
1.57518
1.55017
1.52176
1.49305
1.46801
1.45077
1.44438
1.44983
1.46588
1.48989
1.51878
1.54971
1.58015
1.60767
1.62974
1.64393
1.64818
1.64128
1.62321
1.59562
1.5618
1.5261
1.49284
1.46519
1.44457
1.43098
1.4235
1.42093
1.42211
1.42603
1.43172
1.43814
1.44434
1.44971
1.45436
1.45929
1.46623
1.47698
1.49273
1.51353
1.5383
1.56512
1.59175
1.61614
1.63653
1.65174
1.66128
1.66541
1.66522
1.66252
1.65974
1.65949
1.66382
1.67354
1.68769
1.70393
1.71923
1.7306
1.73566
1.73281
1.72152
1.70229
1.67643
1.64573
1.61211
1.57744
1.54349
1.51191
1.48418
1.4618
1.44656
1.44061
1.44578
1.46225
1.48748
1.51653
