-6.36201
-6.35371
-6.33932
-6.3166
-6.28301
-6.23715
-6.17985
-6.10701
-6.01673
-5.90864
-5.78047
-5.63582
-5.4839
-5.33471
-5.20008
-5.09127
-5.01504
-4.97185
-4.9582
-4.96716
-4.9926
-5.02498
-5.05892
-5.09115
-5.11708
-5.13555
-5.14747
-5.15306
-5.15687
-5.15891
-5.15991
-5.16122
-5.16148
-5.15817
-5.14965
-5.13435
-5.11114
-5.08259
-5.05203
-5.02235
-4.99833
-4.97951
-4.96711
-4.96083
-4.95968
-4.96245
-4.97113
-4.98498
-5.00175
-5.01945
-5.03584
-5.04748
-5.05408
-5.05379
-5.04828
-5.03649
-5.02316
-5.01044
-5.00168
-4.9966
-4.99578
-4.99854
-5.00248
-5.00881
-5.01625
-5.02401
-5.02994
-5.0334
-5.03476
-5.0335
-5.03047
-5.02966
-5.03262
-5.03963
-5.0505
-5.06222
-5.07219
-5.07846
-5.08344
-5.08676
-5.08847
-5.08826
-5.09026
-5.08854
-5.08466
-5.08046
-5.07526
-5.07181
-5.07232
-5.07333
-5.0769
-5.08077
-5.08579
-5.0903
-5.09347
-5.09311
-5.09037
-5.08335
-5.07369
-5.05929
-5.04277
-5.02257
-4.99987
-4.97675
-4.95285
-4.93125
-4.91457
-4.90523
-4.90557
-4.91643
-4.93537
-4.96107
-4.99012
-5.01731
-5.0384
-5.05399
-5.06251
-5.06448
-5.05934
-5.05056
-5.04136
-5.03116
-5.02459
-5.01894
-5.0144
-5.0099
-5.00525
-5.00219
-5.00167
-5.0066
-5.01789
-5.03371
-5.05168
-5.07276
-5.09503
-5.11624
-5.13229
-5.14432
-5.15055
-5.15266
-5.15106
-5.14967
-5.1507
-5.15202
-5.15288
-5.15082
-5.14491
-5.13568
-5.12618
-5.11833
-5.1158
-5.11692
-5.12195
-5.12684
-5.12768
-5.12453
-5.11372
-5.09756
-5.07632
-5.05545
-5.03953
-5.03247
-5.03769
-5.05173
-5.06564
-5.0755
-5.07957
-5.08136
-5.08445
-5.09011
-5.0999
-5.11086
-5.12289
-5.13549
-5.14692
-5.15856
-5.16963
-5.18069
-5.1868
-5.18684
-5.1758
-5.1586
-5.13658
-5.11479
-5.09907
-5.09509
-5.10066
-5.11286
-5.12585
-5.1388
-5.14731
-5.15325
-5.15697
-5.15591
-5.1499
-5.139
-5.12229
-5.09933
-6.36201
-6.35371
-6.33932
-6.3166
-6.28301
-6.23715
-6.17985
-6.10701
-6.01673
-5.90864
-5.78047
-5.63582
-5.4839
-5.33471
-5.20008
-5.09127
-5.01504
-4.97185
-4.9582
-4.96716
-4.9926
-5.02498
-5.05892
-5.09115
-5.11708
-5.13555
-5.14747
-5.15306
-5.15687
-5.15891
-5.15991
-5.16122
-5.16148
-5.15817
-5.14965
-5.13435
-5.11114
-5.08259
-5.05203
-5.02235
-4.99833
-4.97951
-4.96711
-4.96083
-4.95968
-4.96245
-4.97113
-4.98498
-5.00175
-5.01945
-5.03584
-5.04748
-5.05408
-5.05379
-5.04828
-5.03649
-5.02316
-5.01044
-5.00168
-4.9966
-4.99578
-4.99854
-5.00248
-5.00881
-5.01625
-5.02401
-5.02994
-5.0334
-5.03476
-5.0335
-5.03047
-5.02966
-5.03262
-5.03963
-5.0505
-5.06222
-5.07219
-5.07846
-5.08344
-5.08676
-5.08847
-5.08826
-5.09026
-5.08854
-5.08466
-5.08046
-5.07526
-5.07181
-5.07232
-5.07333
-5.0769
-5.08077
-5.08579
-5.0903
-5.09347
-5.09311
-5.09037
-5.08335
-5.07369
-5.05929
-5.04277
-5.02257
-4.99987
-4.97675
-4.95285
-4.93125
-4.91457
-4.90523
-4.90557
-4.91643
-4.93537
-4.96107
-4.99012
-5.01731
-5.0384
-5.05399
-5.06251
-5.06448
-5.05934
-5.05056
-5.04136
-5.03116
-5.02459
-5.01894
-5.0144
-5.0099
-5.00525
-5.00219
-5.00167
-5.0066
-5.01789
-5.03371
-5.05168
-5.07276
-5.09503
-5.11624
-5.13229
-5.14432
-5.0829
-5.06745
-5.05774
-5.05357
-5.05371
-5.05329
-5.0511
-5.04738
-5.04062
-5.03245
-5.02632
-5.0223
-5.02193
-5.02616
-5.03244
-5.03735
-5.04232
-5.04485
-5.04393
-5.03809
-5.03117
-5.02193
-5.01132
-5.00009
-4.99069
-4.98515
-4.98569
-4.99207
-5.00228
-5.01366
-5.02452
-5.02932
-5.03074
-5.02761
-5.02516
-5.03096
-5.0455
-5.06492
-5.08317
-5.0954
-5.09954
-5.09598
-5.08443
-5.06856
-5.05146
-5.03503
-5.02182
-5.01317
-5.00738
-5.00294
-4.99744
-4.98566
-4.96871
-4.9472
-4.92588
-4.90858
-4.90032
-4.90382
-4.91908
-4.94377
-4.97505
-5.00731
-5.03927
-5.06336
-5.08053
-5.08907
-5.09129
-5.09173
-5.08816
-5.08551
-5.08457
-5.08645
-5.08966
-5.09154
-5.08837
-5.0797
-5.06602
-5.04754
-5.02371
-4.99883
-4.97626
-4.95877
-4.95032
-4.95299
-4.96388
-4.98206
-5.00323
-5.02191
-5.03663
-5.0465
-5.05479
-5.06156
-5.06886
-5.0776
-5.08668
-5.09337
-5.09754
-5.09913
-5.09942
-5.09983
-5.09797
-5.09664
-5.09467
-5.08928
-5.08234
-5.07497
-5.06713
-5.06241
-5.06283
-5.06852
-5.07913
-5.09219
-5.10582
-5.11999
-5.13329
-5.14606
-5.15814
-5.17006
-5.17879
-5.18511
-5.18704
-5.18691
-5.18426
-5.18278
-5.18061
-5.17875
-5.17805
-5.17533
-5.17358
-5.17189
-5.17164
-5.17302
-5.17531
-5.17603
-5.17491
-5.16885
-5.15932
-5.14516
-5.12781
-5.1065
-5.08557
-5.0634
-5.04379
-5.02939
-5.02266
-5.02191
-5.02914
-5.04311
-5.05797
-5.07222
-5.08219
-5.08592
-5.08252
-5.0724
-5.05622
-5.03304
-5.01361
-5.0008
-4.99714
-5.00121
-5.0093
-5.01996
-5.03212
-5.04392
-5.05527
-5.06296
-5.06408
-5.06138
-5.05411
-5.04319
-5.03594
-5.0327
-5.0352
-5.04482
-5.06028
-5.07753
-5.09446
-5.11216
-5.13029
-5.14883
-5.16713
-5.18243
-5.19348
-5.19725
-5.19172
-5.17831
-5.15778
-5.13464
-5.11508
-5.10443
-5.10398
-5.1118
-5.12373
-5.1357
-5.1458
-5.14909
-5.14631
-5.13813
-5.12361
-5.10778
-5.091
-5.07205
-5.05114
-5.02924
-5.00608
-4.98115
-4.95713
-4.93518
-4.91698
-4.90565
-4.90138
-4.90559
-4.91872
-4.9402
-4.9684
-5.00186
-5.03868
-5.07709
-5.11545
-5.14904
-5.17401
-5.18795
-5.18767
-5.17902
-5.15978
-5.13676
-5.11061
-5.08708
-5.07049
-5.06061
-5.06129
-5.06729
-5.07827
-5.0916
-5.10589
-5.11878
-5.1306
-5.13828
-5.14159
-5.13974
-5.12971
-5.1112
-5.08465
-5.05192
-5.01802
-4.98946
-4.97152
-4.9686
-4.97756
-4.99409
-5.01366
-5.03187
-5.04721
-5.0578
-5.06413
-5.06679
-5.06638
-5.06671
-5.06654
-5.06645
-5.06749
-5.07186
-5.07716
-5.08548
-5.09567
-5.10572
-5.1135
-5.11874
-5.12265
-5.12406
-5.12354
-5.12255
-5.11992
-5.1164
-5.11308
-5.11253
-5.11651
-5.12474
-5.1335
-5.14258
-5.14805
-5.14541
-5.13455
-5.11671
-5.09629
-5.07593
-5.05762
-5.04676
-5.04371
-5.04658
-5.0532
-5.06051
-5.06607
-5.06996
-5.07409
-5.07841
-5.08279
-5.08821
-5.09187
-5.09423
-5.09385
-5.08806
-5.07832
-5.06401
-5.04771
-5.03104
-5.02099
-5.01751
-5.01979
-5.02424
-5.02663
-5.02751
-5.02386
-5.01875
-5.01523
-5.01473
-5.02017
-5.03616
-5.05669
-5.07685
-5.09286
-5.10511
-5.11108
-5.11353
-5.1122
-5.1073
-5.09904
-5.08715
-5.07335
-5.05877
-5.04416
-5.02898
-5.01279
-4.99704
-4.98269
-4.97002
-4.96171
-4.957
-4.95691
-4.95982
-4.96554
-4.97132
-4.98012
-4.98883
-4.99749
-5.00745
-5.01869
-5.03179
-5.04337
-5.05428
-5.06185
-5.06671
-5.06768
-5.06442
-5.05704
-5.04724
-5.03516
-5.02317
-5.01144
-5.00129
-4.99692
-4.99708
-5.00067
-5.00852
-5.0155
-5.02533
-5.039
-5.0577
-5.08108
-5.10727
-5.13003
-5.14654
-5.15387
-5.15379
-5.14758
-5.1369
-5.12274
-5.10745
-5.09186
-5.07563
-5.06146
-5.04663
-5.03504
-5.02596
-5.02284
-5.02067
-5.0231
-5.02916
-5.03669
-5.04514
-5.05059
-5.05541
-5.05702
-5.05714
-5.05708
-5.05832
-5.06052
-5.06428
-5.06836
-5.07118
-5.0731
-5.07408
-5.07368
-5.07304
-5.07176
-5.06759
-5.06208
-5.05422
-5.04516
-5.03717
-5.03161
-5.0298
-5.03334
-5.03753
-5.04156
-5.04383
-5.04412
-5.04429
-5.04675
-5.04923
-5.05415
-5.06015
-5.06593
-5.07066
-5.07357
-5.07376
-5.07147
-5.06362
-5.05024
-5.02986
-5.00644
-4.9818
-4.96086
-4.94887
-4.94774
-4.95775
-4.97606
-4.99783
-5.01919
-5.03599
-5.04338
-5.04374
-5.03668
-5.02499
-5.01476
-5.00849
-5.00971
-5.01985
-5.0359
-5.05794
-5.08302
-5.10903
-5.13345
-5.15483
-5.17221
-5.18848
-5.2005
-5.20964
-5.21563
-5.21686
-5.21238
-5.20333
-5.18837
-5.17192
-5.15323
-5.1349
-5.1189
-5.10653
-5.09753
-5.08989
-5.08308
-5.07709
-5.0723
-5.07173
-5.0723
-5.0743
-5.07621
-5.07687
-5.07552
-5.07327
-5.06974
-5.06197
-5.05124
-5.03602
-5.01714
-4.99877
-4.98377
-4.97544
-4.97502
-4.98472
-5.00492
-5.02869
-5.05509
-5.07575
-5.08893
-5.0952
-5.096
-5.09482
-5.09066
-5.0883
-5.08544
-5.08183
-5.08024
-5.08169
-5.08429
-5.08972
-5.09629
-5.10395
-5.11089
-5.11529
-5.11255
-5.10729
-5.09712
-5.08538
-5.07439
-5.066
-5.06355
-5.06828
-5.07364
-5.07962
-5.07902
-5.07185
-5.05947
-5.04066
-5.02248
-5.01009
-5.00681
-5.01183
-5.02485
-5.04212
-5.06268
-5.08362
-5.10267
-5.11901
-5.13378
-5.14271
-5.14792
-5.14888
-5.14674
-5.14219
-5.13584
-5.12802
-5.124
-5.12128
-5.11969
-5.12084
-5.12129
-5.11929
-5.11345
-5.1061
-5.09582
-5.08322
-5.07005
-5.0594
-5.05063
-5.04623
-5.04455
-5.04891
-5.05281
-5.05891
-5.06245
-5.0623
-5.05572
-5.04162
-5.01984
-4.99133
-4.95972
-4.93132
-4.90923
-4.89705
-4.89708
-4.90612
-4.92086
-4.93983
-4.95915
-4.9803
-4.99815
-5.01233
-5.02082
-5.02163
-5.01524
-5.00198
-4.98137
-4.95813
-4.93296
-4.90623
-4.8827
-4.86586
-4.85726
-4.85961
-4.87502
-4.90284
-4.93973
-4.9827
-5.02841
-5.0706
-5.10521
-5.13161
-5.14539
-5.15058
-5.14839
-5.14113
-5.12887
-5.11168
-5.08829
-5.05798
-5.02324
-4.98743
-4.95567
-4.93229
-4.91965
-4.91707
-4.92306
-4.93351
-4.94917
-4.96825
-4.98786
-5.00389
-5.01569
-5.02427
-5.03118
-5.03798
-5.04602
-5.05415
-5.06252
-5.06799
-5.06906
-5.06765
-5.06447
-5.06064
-5.0592
-5.05772
-5.05944
-5.06313
-5.0683
-5.07505
-5.0823
-5.09101
-5.1012
-5.11449
-5.13054
-5.14838
-5.16231
-5.17028
-5.17041
-5.16457
-5.15473
-5.14539
-5.13827
-5.13508
-5.13412
-5.13413
-5.13352
-5.13038
-5.12285
-5.11348
-5.10306
-5.09655
-5.09458
-5.09876
-5.10727
-5.11656
-5.12394
-5.12656
-5.12361
-5.11548
-5.10394
-5.0889
-5.0711
-5.05161
-5.03241
-5.01506
-4.99948
-4.98626
-4.9735
-4.96021
-4.94819
-4.93789
-4.92616
-4.91421
-4.90516
-4.89815
-4.89913
-4.90989
-4.93073
-4.96081
-4.99544
-5.02959
-5.0605
-5.08574
-5.10544
-5.11933
-5.12857
-5.13452
-5.13965
-5.14529
-5.14773
-5.14778
-5.14733
-5.14791
-5.15308
-5.16036
-5.17162
-5.18271
-5.18918
-5.19133
-5.18922
-5.18435
-5.17656
-5.16771
-5.15522
-5.14153
-5.1249
-5.1075
-5.08961
-5.07464
-5.06561
-5.06559
-5.07544
-5.0911
-5.10801
-5.12551
-5.14038
-5.15485
-5.16762
-5.18041
-5.19082
-5.20072
-5.20711
-5.20771
-5.20158
-5.18991
-5.17414
-5.15578
-5.13734
-5.11659
-5.09404
-5.06921
-5.04185
-5.01185
-4.98529
-4.96405
-4.9521
-4.94891
-4.9532
-4.96314
-4.97649
-4.99362
-5.00969
-5.02329
-5.03205
-5.03776
-5.03855
-5.03727
-5.03353
-5.03026
-5.0291
-5.0326
-5.03813
-5.04511
-5.05714
-5.07142
-5.08763
-5.10515
-5.12227
-5.13682
-5.14665
-5.15095
-5.15193
-5.14817
-5.14085
-5.13181
-5.12064
-5.10834
-5.09281
-5.07329
-5.05028
-5.02339
-4.99472
-4.96629
-4.94141
-4.92395
-4.91214
-4.90789
-4.90741
-4.91034
-4.91383
-4.91521
-4.9146
-4.91187
-4.9079
-4.90357
-4.9008
-4.89881
-4.8958
-4.89103
-4.885
-4.87865
-4.87421
-4.87102
-4.87171
-4.87677
-4.88693
-4.90056
-4.91479
-4.92713
-4.93552
-4.93587
-4.93326
-4.93063
-4.9302
-4.93382
-4.94068
-4.95106
-4.96074
-4.96839
-4.97442
-4.9797
-4.98769
-4.99709
-5.00839
-5.02
-5.02844
-5.03298
-5.03133
-5.02541
-5.0143
-5.00022
-4.98652
-4.97694
-4.9746
-4.98407
-5.00652
-5.03709
-5.06964
-5.09703
-5.11604
-5.12571
-5.12839
-5.12737
-5.12304
-5.1174
-5.11214
-5.10439
-5.09724
-5.08822
-5.07892
-5.06678
-5.05627
-5.04646
-5.03749
-5.02998
-5.02381
-5.02095
-5.02234
-5.02471
-5.03047
-5.03781
-5.04614
-5.05365
-5.05854
-5.06083
-5.06118
-5.05965
-5.0553
-5.04722
-5.03887
-5.03042
-5.02083
-5.01167
-5.00821
-5.00888
-5.01417
-5.02431
-5.03727
-5.05005
-5.06285
-5.07229
-5.07977
-5.08338
-5.08542
-5.08294
-5.07809
-5.07081
-5.06111
-5.04936
-5.04099
-5.03751
-5.04047
-5.05059
-5.06318
-5.07562
-5.08327
-5.08766
-5.08805
-5.08466
-5.07979
-5.07606
-5.07833
-5.08699
-5.10345
-5.12651
-5.1506
-5.17294
-5.18991
-5.2005
-5.20422
-5.19966
-5.18798
-5.17168
-5.15322
-5.13682
-5.1235
-5.11464
-5.10869
-5.10612
-5.10337
-5.10242
-5.10512
-5.10935
-5.11321
-5.11336
-5.1076
-5.09523
-5.07541
-5.04934
-5.02123
-4.99191
-4.96702
-4.94977
-4.94414
-4.95005
-4.9658
-4.9898
-5.01764
-5.04827
-5.07932
-5.10744
-5.12906
-5.14355
-5.14826
-5.14181
-5.12404
-5.0969
-5.06202
-5.02587
-4.99381
-4.96525
-4.94449
-4.92983
-4.92205
-4.92009
-4.92112
-4.92519
-4.93058
-4.937
-4.94305
-4.94842
-4.95246
-4.95649
-4.96297
-4.97327
-4.98871
-5.00952
-5.0349
-5.06246
-5.08895
-5.11334
-5.13373
-5.14924
-5.15923
-5.16367
-5.16408
-5.16138
-5.15951
-5.15879
-5.16404
-5.17315
-5.1873
-5.20294
-5.21764
-5.22765
-5.23105
-5.22926
-5.21676
-5.19828
-5.17348
-5.14308
-5.10946
-5.07434
-5.04084
-5.00926
-4.98258
-4.96006
-4.94527
-4.93931
-4.94509
-4.96171
-4.98679
-5.016
