-3.51475
-3.51475
-3.51475
-3.51354
-3.51007
-3.50493
-3.50146
-3.49829
-3.49603
-3.49588
-3.49527
-3.49436
-3.49496
-3.49601
-3.49676
-3.49751
-3.49857
-3.49948
-3.50039
-3.50085
-3.50221
-3.50222
-3.50177
-3.50237
-3.50252
-3.50237
-3.50252
-3.50161
-3.50207
-3.50192
-3.50086
-3.50041
-3.50041
-3.50026
-3.50041
-3.50086
-3.50071
-3.50086
-3.50131
-3.50101
-3.50161
-3.50131
-3.50146
-3.50237
-3.50328
-3.50267
-3.50237
-3.50222
-3.50162
-3.50101
-3.50086
-3.50011
-3.50011
-3.49981
-3.50056
-3.49981
-3.49965
-3.4992
-3.4995
-3.49935
-3.49965
-3.50041
-3.4998
-3.4995
-3.4989
-3.49844
-3.49754
-3.49694
-3.49754
-3.49799
-3.49708
-3.49633
-3.49557
-3.49482
-3.49512
-3.49558
-3.49573
-3.49497
-3.49573
-3.49663
-3.49648
-3.49452
-3.49558
-3.49497
-3.49467
-3.49557
-3.49527
-3.49512
-3.49663
-3.49633
-3.49663
-3.49587
-3.49572
-3.49557
-3.49572
-3.49497
-3.49512
-3.49467
-3.49527
-3.49467
-3.49512
-3.49467
-3.49406
-3.49467
-3.49467
-3.49482
-3.49482
-3.49451
-3.49466
-3.49557
-3.49557
-3.49573
-3.49648
-3.49679
-3.49573
-3.49588
-3.49634
-3.49724
-3.49679
-3.49648
-3.49724
-3.49633
-3.49723
-3.49739
-3.49799
-3.49874
-3.49905
-3.49904
-3.49783
-3.49708
-3.49753
-3.49799
-3.49708
-3.49708
-3.49769
-3.49859
-3.49769
-3.49784
-3.49799
-3.49905
-3.4992
-3.4995
-3.50025
-3.49965
-3.49905
-3.49844
-3.49814
-3.49799
-3.49844
-3.49798
-3.49798
-3.49693
-3.49738
-3.49844
-3.4989
-3.50056
-3.50041
-3.50041
-3.49935
-3.4995
-3.50025
-3.49994
-3.49995
-3.50071
-3.50041
-3.50041
-3.4998
-3.4995
-3.4995
-3.49889
-3.49905
-3.49814
-3.49754
-3.49799
-3.49814
-3.4989
-3.4989
-3.49965
-3.49905
-3.49936
-3.49754
-3.49799
-3.49859
-3.49859
-3.49768
-3.49798
-3.49799
-3.49874
-3.4989
-3.50056
-3.50041
-3.50041
-3.50101
-3.50041
-3.49965
-3.49996
-3.50071
-3.50056
-3.51475
-3.51475
-3.51475
-3.51354
-3.51007
-3.50493
-3.50146
-3.49829
-3.49603
-3.49588
-3.49527
-3.49436
-3.49496
-3.49601
-3.49676
-3.49751
-3.49857
-3.49948
-3.50039
-3.50085
-3.50221
-3.50222
-3.50177
-3.50237
-3.50252
-3.50237
-3.50252
-3.50161
-3.50207
-3.50192
-3.50086
-3.50041
-3.50041
-3.50026
-3.50041
-3.50086
-3.50071
-3.50086
-3.50131
-3.50101
-3.50161
-3.50131
-3.50146
-3.50237
-3.50328
-3.50267
-3.50237
-3.50222
-3.50162
-3.50101
-3.50086
-3.50011
-3.50011
-3.49981
-3.50056
-3.49981
-3.49965
-3.4992
-3.4995
-3.49935
-3.49965
-3.50041
-3.4998
-3.4995
-3.4989
-3.49844
-3.49754
-3.49694
-3.49754
-3.49799
-3.49708
-3.49633
-3.49557
-3.49482
-3.49512
-3.49558
-3.49573
-3.49497
-3.49573
-3.49663
-3.49648
-3.49452
-3.49558
-3.49497
-3.49467
-3.49557
-3.49527
-3.49512
-3.49663
-3.49633
-3.49663
-3.49587
-3.49572
-3.49557
-3.49572
-3.49497
-3.49512
-3.49467
-3.49527
-3.49467
-3.49512
-3.49467
-3.49406
-3.49467
-3.49467
-3.49482
-3.49482
-3.49451
-3.49466
-3.49557
-3.49557
-3.49573
-3.49648
-3.49679
-3.49573
-3.49588
-3.49634
-3.49724
-3.49679
-3.49648
-3.49724
-3.49633
-3.49723
-3.49739
-3.49799
-3.49874
-3.49905
-3.49904
-3.49783
-3.49708
-3.49753
-3.49799
-3.49708
-3.49708
-3.49769
-3.49859
-3.49769
-3.49784
-3.50008
-3.50054
-3.50069
-3.50039
-3.50054
-3.49948
-3.49873
-3.49964
-3.50009
-3.49978
-3.49993
-3.49887
-3.49752
-3.49737
-3.49737
-3.49601
-3.49646
-3.49737
-3.49813
-3.49707
-3.49752
-3.49767
-3.49767
-3.49706
-3.49661
-3.49631
-3.49676
-3.49737
-3.49737
-3.49677
-3.49707
-3.49556
-3.49616
-3.49601
-3.4954
-3.49631
-3.49722
-3.49767
-3.49767
-3.49737
-3.49722
-3.49783
-3.49752
-3.49767
-3.49857
-3.49918
-3.49963
-3.50008
-3.49963
-3.49933
-3.50024
-3.49994
-3.50039
-3.50054
-3.50114
-3.50099
-3.50069
-3.50054
-3.50054
-3.50039
-3.50069
-3.50009
-3.5016
-3.50115
-3.5016
-3.5013
-3.501
-3.50281
-3.5019
-3.50115
-3.50024
-3.50039
-3.5013
-3.50221
-3.50145
-3.50024
-3.49994
-3.50055
-3.50009
-3.50024
-3.50084
-3.50084
-3.50099
-3.50175
-3.50099
-3.50085
-3.5013
-3.501
-3.50115
-3.5013
-3.50296
-3.50341
-3.50281
-3.50221
-3.50221
-3.50175
-3.50145
-3.501
-3.50085
-3.5016
-3.5004
-3.50024
-3.5007
-3.49979
-3.49964
-3.50055
-3.50055
-3.50085
-3.50145
-3.50175
-3.50221
-3.50221
-3.5019
-3.50266
-3.50341
-3.50417
-3.50447
-3.50523
-3.50462
-3.50477
-3.50432
-3.50492
-3.50447
-3.50507
-3.50432
-3.50371
-3.50477
-3.50432
-3.50462
-3.50386
-3.50296
-3.50235
-3.50236
-3.5019
-3.50221
-3.5013
-3.5013
-3.50115
-3.50175
-3.5013
-3.50266
-3.50235
-3.50205
-3.50205
-3.50265
-3.50114
-3.50024
-3.50114
-3.5013
-3.5022
-3.50251
-3.50205
-3.50145
-3.50206
-3.50387
-3.5025
-3.50295
-3.5028
-3.5028
-3.50326
-3.50311
-3.50281
-3.5025
-3.50175
-3.50235
-3.50311
-3.50251
-3.50341
-3.50371
-3.50175
-3.50174
-3.50129
-3.50053
-3.50084
-3.5022
-3.5025
-3.50129
-3.50054
-3.50009
-3.49993
-3.50009
-3.49948
-3.49934
-3.49919
-3.49873
-3.49949
-3.49994
-3.49993
-3.49978
-3.49993
-3.49993
-3.49963
-3.49888
-3.49813
-3.49919
-3.49933
-3.49994
-3.501
-3.50009
-3.50069
-3.50205
-3.5025
-3.50235
-3.50265
-3.50296
-3.50205
-3.50144
-3.50084
-3.50023
-3.50083
-3.50098
-3.50083
-3.50053
-3.50038
-3.50023
-3.50023
-3.50008
-3.49993
-3.50084
-3.5016
-3.50205
-3.50251
-3.50069
-3.50145
-3.50024
-3.50069
-3.49963
-3.49872
-3.49872
-3.49736
-3.49842
-3.49812
-3.49827
-3.49827
-3.49842
-3.49782
-3.49812
-3.49752
-3.49707
-3.49752
-3.49752
-3.49782
-3.49843
-3.49858
-3.49857
-3.49872
-3.49826
-3.49872
-3.49872
-3.49873
-3.49903
-3.49873
-3.49858
-3.49797
-3.49767
-3.49752
-3.49676
-3.49782
-3.49842
-3.49842
-3.49812
-3.49903
-3.49827
-3.49812
-3.49842
-3.49857
-3.49782
-3.49676
-3.49676
-3.49631
-3.49555
-3.49585
-3.49601
-3.49631
-3.49646
-3.49691
-3.49766
-3.49827
-3.49706
-3.49737
-3.49873
-3.49888
-3.49827
-3.49706
-3.49721
-3.49797
-3.49736
-3.49736
-3.49706
-3.49616
-3.49586
-3.49616
-3.49601
-3.4954
-3.49555
-3.4957
-3.4954
-3.49585
-3.4951
-3.49495
-3.4954
-3.49495
-3.49555
-3.49601
-3.49676
-3.49585
-3.4963
-3.496
-3.49555
-3.49525
-3.4945
-3.49541
-3.49465
-3.4942
-3.49525
-3.49585
-3.49479
-3.4954
-3.4951
-3.4945
-3.49374
-3.4945
-3.49404
-3.4945
-3.4951
-3.4957
-3.49616
-3.4957
-3.4954
-3.4957
-3.49676
-3.49752
-3.49721
-3.49691
-3.49691
-3.49646
-3.49706
-3.49721
-3.49797
-3.49842
-3.49933
-3.49872
-3.49993
-3.49993
-3.49872
-3.49767
-3.49691
-3.49752
-3.49691
-3.49706
-3.49646
-3.49676
-3.49737
-3.49797
-3.49812
-3.49857
-3.49842
-3.49888
-3.49872
-3.49752
-3.49782
-3.49797
-3.49797
-3.50024
-3.50024
-3.50069
-3.50054
-3.49963
-3.49857
-3.49903
-3.49933
-3.50024
-3.50024
-3.50054
-3.50084
-3.50099
-3.50039
-3.50009
-3.50008
-3.49948
-3.50039
-3.49933
-3.49933
-3.49887
-3.50084
-3.49993
-3.49993
-3.50054
-3.50084
-3.5019
-3.5013
-3.50235
-3.5025
-3.50265
-3.5028
-3.50326
-3.50311
-3.50326
-3.50341
-3.50296
-3.5028
-3.50295
-3.50265
-3.50296
-3.50371
-3.50326
-3.50371
-3.50401
-3.50432
-3.50477
-3.50446
-3.50356
-3.50432
-3.50417
-3.50447
-3.50447
-3.50341
-3.5019
-3.50144
-3.49963
-3.49948
-3.50039
-3.50144
-3.50205
-3.5019
-3.50099
-3.50099
-3.50039
-3.50039
-3.49963
-3.50038
-3.50083
-3.50098
-3.50128
-3.50083
-3.50023
-3.49978
-3.49933
-3.49978
-3.50084
-3.50009
-3.50054
-3.50054
-3.49978
-3.50008
-3.49978
-3.49962
-3.50023
-3.49947
-3.49932
-3.49917
-3.49933
-3.49933
-3.49902
-3.49796
-3.49902
-3.49902
-3.49947
-3.50053
-3.50114
-3.50084
-3.50099
-3.49993
-3.50098
-3.50144
-3.50143
-3.50098
-3.50068
-3.50098
-3.50113
-3.50128
-3.50113
-3.50007
-3.50053
-3.49992
-3.49992
-3.50038
-3.50068
-3.50008
-3.49977
-3.50008
-3.49917
-3.49932
-3.49917
-3.49842
-3.49872
-3.49932
-3.49977
-3.49856
-3.4972
-3.49781
-3.49721
-3.49918
-3.49963
-3.49933
-3.49902
-3.49857
-3.49933
-3.49857
-3.49993
-3.50038
-3.49917
-3.49872
-3.49963
-3.49948
-3.49963
-3.49887
-3.49872
-3.49948
-3.50114
-3.50009
-3.50099
-3.50069
-3.50084
-3.50129
-3.50099
-3.50114
-3.5028
-3.50174
-3.50205
-3.50069
-3.50024
-3.5019
-3.50144
-3.50099
-3.50068
-3.50068
-3.49978
-3.49948
-3.49872
-3.49918
-3.49993
-3.50023
-3.50039
-3.50235
-3.50235
-3.50265
-3.5025
-3.5025
-3.5025
-3.50205
-3.50023
-3.50114
-3.50144
-3.50084
-3.50159
-3.50159
-3.50069
-3.49888
-3.49918
-3.49993
-3.50054
-3.50084
-3.50189
-3.50144
-3.50114
-3.49948
-3.50069
-3.49963
-3.50054
-3.50054
-3.50054
-3.49994
-3.49918
-3.49858
-3.49767
-3.49676
-3.49721
-3.49706
-3.49645
-3.49706
-3.49751
-3.49736
-3.49782
-3.49706
-3.49827
-3.49812
-3.49827
-3.49858
-3.49828
-3.49828
-3.49843
-3.49707
-3.49737
-3.49812
-3.49736
-3.49706
-3.49751
-3.49721
-3.49645
-3.4963
-3.49676
-3.49676
-3.49676
-3.49767
-3.49782
-3.49737
-3.49858
-3.49797
-3.49843
-3.49858
-3.49842
-3.49737
-3.49661
-3.49646
-3.49631
-3.49646
-3.49615
-3.4957
-3.49554
-3.49615
-3.49706
-3.49827
-3.49751
-3.49721
-3.49752
-3.49812
-3.49767
-3.49722
-3.49752
-3.49812
-3.49827
-3.49827
-3.49767
-3.49842
-3.49903
-3.49857
-3.49842
-3.49797
-3.49691
-3.49721
-3.49585
-3.49585
-3.496
-3.496
-3.4963
-3.49615
-3.4963
-3.49585
-3.49524
-3.49434
-3.49464
-3.49434
-3.49465
-3.4948
-3.4954
-3.49555
-3.4963
-3.4966
-3.49705
-3.49675
-3.49645
-3.49676
-3.49736
-3.49691
-3.49706
-3.4963
-3.4966
-3.49615
-3.496
-3.496
-3.4957
-3.49555
-3.49494
-3.49419
-3.49373
-3.49464
-3.4957
-3.4963
-3.49615
-3.49585
-3.496
-3.49615
-3.49705
-3.49721
-3.496
-3.49554
-3.4966
-3.4963
-3.4957
-3.49675
-3.49614
-3.49645
-3.4966
-3.49629
-3.4969
-3.49781
-3.49827
-3.49887
-3.49917
-3.49993
-3.50038
-3.50038
-3.49962
-3.49932
-3.50053
-3.50023
-3.49977
-3.50007
-3.50007
-3.50083
-3.49947
-3.49992
-3.50113
-3.50113
-3.50128
-3.50144
-3.50219
-3.50249
-3.5037
-3.50325
-3.50385
-3.50385
-3.50491
-3.50566
-3.50641
-3.50626
-3.50566
-3.50611
-3.50672
-3.50642
-3.50702
-3.50642
-3.50687
-3.50657
-3.50672
-3.50521
-3.50521
-3.50566
-3.50597
-3.50582
-3.50582
-3.50582
-3.50551
-3.50612
-3.50521
-3.50415
-3.5037
-3.50385
-3.50279
-3.50309
-3.50264
-3.50279
-3.50264
-3.50218
-3.50143
-3.50007
-3.50053
-3.50023
-3.49992
-3.49887
-3.49947
-3.49947
-3.50038
-3.49992
-3.49916
-3.49826
-3.49901
-3.49871
-3.49705
-3.4978
-3.49826
-3.49841
-3.49856
-3.49871
-3.49871
-3.49811
-3.49705
-3.4978
-3.49826
-3.49841
-3.49886
-3.49856
-3.49871
-3.49826
-3.49766
-3.49796
-3.49811
-3.49826
-3.49765
-3.49674
-3.4972
-3.49629
-3.49644
-3.49554
-3.49554
-3.49599
-3.49599
-3.49645
-3.4969
-3.4972
-3.49705
-3.49765
-3.49841
-3.49841
-3.49781
-3.49735
-3.4972
-3.49811
-3.4978
-3.49765
-3.49735
-3.4975
-3.4975
-3.49705
-3.49721
-3.49872
-3.49796
-3.49781
-3.4978
-3.49735
-3.4972
-3.49705
-3.49856
-3.49901
-3.49826
-3.49705
-3.49554
-3.49584
-3.49569
-3.49599
-3.4969
-3.4972
-3.49796
-3.49765
-3.49811
-3.4975
-3.49644
-3.49584
-3.49598
-3.49568
-3.49568
-3.49629
-3.49644
-3.4969
-3.49705
-3.49736
-3.49735
-3.49765
-3.49886
-3.49901
-3.49871
-3.49931
-3.49826
-3.49901
-3.49916
-3.50007
-3.49871
-3.49901
-3.49946
-3.49961
-3.49946
-3.49841
-3.4981
-3.49931
-3.49871
-3.49886
-3.49856
-3.49841
-3.49811
-3.4972
-3.49644
-3.49659
-3.4975
-3.49795
-3.4969
-3.4975
-3.49916
-3.49946
-3.4981
-3.49855
-3.4981
-3.49719
-3.49719
-3.4978
-3.4978
-3.49886
-3.49856
-3.49886
-3.4981
-3.49871
-3.4978
-3.49765
-3.4981
-3.49856
-3.4978
-3.49855
-3.49916
-3.49916
-3.50007
-3.50037
-3.50113
-3.50022
-3.50022
-3.50037
-3.50007
-3.49977
-3.49901
-3.49916
-3.4981
-3.49704
-3.49705
-3.49629
-3.49584
-3.49509
-3.49494
-3.49569
-3.49584
-3.49554
-3.49539
-3.49508
-3.49569
-3.49584
-3.49614
-3.49599
-3.49735
-3.4975
-3.49795
-3.49946
-3.50007
-3.50023
-3.50008
-3.50008
-3.50053
-3.50023
-3.49917
-3.49947
-3.49886
-3.49901
-3.49901
-3.49976
-3.50022
-3.49992
-3.49992
-3.49886
-3.49856
-3.49917
-3.49977
-3.49932
-3.49962
-3.50008
-3.50053
-3.50083
-3.50128
-3.50022
-3.49977
-3.50097
-3.50007
-3.49991
-3.49886
-3.49856
-3.49916
-3.49901
-3.49916
-3.49886
-3.49886
-3.49871
-3.49871
-3.4981
-3.4972
-3.49674
-3.49629
-3.49598
-3.49598
-3.49659
-3.49735
-3.4972
-3.4972
-3.4972
-3.4975
-3.49795
-3.49826
-3.49886
-3.49886
-3.49976
-3.49931
-3.50021
-3.49961
-3.49961
-3.49901
-3.49841
-3.49705
-3.49539
-3.49645
-3.49524
-3.496
-3.49705
-3.49735
-3.49735
-3.4969
-3.49735
-3.49735
-3.49841
-3.49825
-3.49871
-3.4987
-3.49931
-3.49946
-3.49931
-3.49947
