1.9
1.9
1.9
1.89818
1.89264
1.88305
1.86871
1.84863
1.82148
1.78559
1.73914
1.68047
1.60851
1.52346
1.42764
1.32596
1.2258
1.13555
1.06251
1.01098
0.981579
0.971871
0.97754
0.993594
1.01518
1.0381
1.05919
1.07637
1.08879
1.09663
1.10096
1.10321
1.10467
1.10603
1.10721
1.10738
1.10528
1.09949
1.08899
1.07362
1.05448
1.03381
1.01423
0.997808
0.985464
0.977099
0.972304
0.970933
0.973183
0.979177
0.988508
1.00009
1.01229
1.02332
1.03158
1.03598
1.03599
1.03181
1.02446
1.01567
1.00749
1.00146
0.998169
0.997421
0.998755
1.00179
1.00621
1.01157
1.01704
1.0216
1.02431
1.02482
1.02367
1.02226
1.02222
1.0247
1.02988
1.03692
1.04443
1.05097
1.05566
1.05847
1.06008
1.06133
1.0625
1.06312
1.06238
1.05999
1.05659
1.05332
1.05113
1.05046
1.05134
1.05352
1.0566
1.06004
1.06315
1.06516
1.06543
1.0635
1.05912
1.05228
1.04308
1.03177
1.0186
1.00387
0.988058
0.972119
0.957625
0.946503
0.940476
0.940606
0.947239
0.959865
0.976894
0.995759
1.01368
1.02845
1.03874
1.04411
1.04483
1.04171
1.03605
1.02942
1.02322
1.01824
1.01437
1.01094
1.00744
1.00413
1.0021
1.00256
1.00635
1.01357
1.02382
1.0364
1.05045
1.0649
1.07843
1.08973
1.09765
1.10171
1.10241
1.10124
1.10012
1.1003
1.10158
1.10255
1.10159
1.09785
1.09179
1.08516
1.08023
1.07854
1.07999
1.08305
1.0856
1.08585
1.08264
1.07554
1.06477
1.05132
1.03731
1.02619
1.02168
1.02516
1.03402
1.04349
1.05006
1.05318
1.05457
1.05663
1.06081
1.06724
1.07515
1.08357
1.09167
1.09918
1.10644
1.11382
1.12069
1.12516
1.12499
1.11884
1.10707
1.09199
1.07747
1.06759
1.06474
1.06845
1.07608
1.08464
1.09216
1.09793
1.1019
1.10397
1.10367
1.10017
1.09269
1.08105
1.06585
1.04827
1.02959
1.01071
0.99242
0.975922
0.962976
0.955175
0.953129
0.956533
0.964854
0.977791
0.995155
1.01643
1.04049
1.06565
1.08991
1.11139
1.12854
1.14038
1.14659
1.14753
1.14398
1.13698
1.12755
1.11657
1.10471
1.09261
1.08091
1.07034
1.06167
1.05565
1.05285
1.05371
1.05839
1.06667
1.0778
1.09055
1.10338
1.1147
1.12317
1.12793
1.12878
1.12605
1.12043
1.11291
1.10477
1.09769
1.09368
1.09431
1.09981
1.10898
1.11996
1.13107
1.141
1.14845
1.15214
1.15098
1.14476
1.13444
1.12196
1.10915
1.09689
1.085
1.07302
1.06086
1.04894
1.03792
1.02842
1.02092
1.01578
1.01321
1.01316
1.0151
1.01796
1.02035
1.02082
1.01821
1.01208
1.00283
0.9918
0.981236
0.97393
0.972607
0.979014
0.993189
1.01318
1.03552
1.0562
1.07176
1.08008
1.08058
1.07423
1.06329
1.051
1.04093
1.03593
1.03709
1.04354
1.05307
1.06337
1.07273
1.08014
1.08492
1.08652
1.08452
1.07898
1.07068
1.061
1.05123
1.04204
1.03335
1.02517
1.01854
1.01573
1.01913
1.0296
1.04553
1.06345
1.07946
1.09053
1.09498
1.09256
1.08429
1.07232
1.05958
1.04916
1.04344
1.04329
1.04775
1.05454
1.06087
1.06422
1.06276
1.05566
1.04329
1.02723
1.00995
0.994068
0.981766
0.974414
0.972581
0.976191
0.98467
0.996942
1.01139
1.02587
1.03808
1.04592
1.04808
1.04456
1.03697
1.02839
1.0224
1.02146
1.02559
1.03258
1.03953
1.04449
1.04718
1.04869
1.05056
1.05397
1.0592
1.06567
1.07234
1.07819
1.08264
1.08553
1.08706
1.08749
1.08705
1.08606
1.08497
1.08439
1.08484
1.08645
1.08889
1.09147
1.09347
1.09435
1.09396
1.09247
1.09029
1.08783
1.08544
1.08341
1.08189
1.08078
1.07974
1.07825
1.07583
1.07224
1.06765
1.06268
1.05818
1.05499
1.05351
1.05341
1.05367
1.0532
1.05172
1.05019
1.0503
1.05316
1.05848
1.065
1.07134
1.07655
1.08017
1.08216
1.08296
1.08344
1.08467
1.08759
1.09258
1.09933
1.10696
1.11434
1.12038
1.12408
1.12474
1.12189
1.11551
1.10602
1.09432
1.0817
1.06966
1.05957
1.05249
1.04897
1.04897
1.05183
1.05643
1.06141
1.06558
1.06814
1.06895
1.06838
1.0673
1.06671
1.06747
1.06981
1.07312
1.07584
1.0759
1.07137
1.06143
1.04717
1.03173
1.01936
1.01355
1.01548
1.02416
1.0377
1.05445
1.0733
1.0934
1.11388
1.13371
1.15173
1.16689
1.1784
1.18576
1.18869
1.187
1.18051
1.16923
1.15345
1.13396
1.11212
1.08982
1.06927
1.05248
1.04061
1.03353
1.03036
1.03043
1.03382
1.04121
1.05299
1.0685
1.08552
1.10068
1.1105
1.11273
1.1076
1.09839
1.09041
1.08815
1.09302
1.10345
1.11625
1.12793
1.13549
1.13711
1.13245
1.12241
1.1088
1.09393
1.08024
1.06992
1.06437
1.0639
1.06762
1.07378
1.08037
1.08559
1.08823
1.08778
1.08404
1.07673
1.06563
1.05119
1.03524
1.02101
1.01217
1.01137
1.0193
1.03476
1.05545
1.07862
1.10158
1.12226
1.13967
1.15388
1.16561
1.17566
1.1843
1.19108
1.19494
1.19466
1.18933
1.17861
1.1629
1.14321
1.1209
1.09743
1.07431
1.05301
1.03496
1.02139
1.01297
1.00948
1.00986
1.01272
1.01691
1.02191
1.02781
1.03519
1.04442
1.05504
1.06552
1.07368
1.07757
1.07605
1.06912
1.05782
1.04409
1.03014
1.01772
1.00735
0.99848
0.990333
0.982666
0.976226
0.972674
0.974068
0.981756
0.995498
1.01346
1.03305
1.05185
1.0679
1.07972
1.08621
1.08691
1.08233
1.07408
1.06442
1.05563
1.04928
1.04565
1.04389
1.04245
1.03982
1.03512
1.02816
1.01918
1.0085
0.996418
0.983505
0.971065
0.961407
0.957304
0.960621
0.970959
0.985633
1.00124
1.01529
1.02695
1.03672
1.0457
1.05471
1.06387
1.0726
1.07997
1.08521
1.08803
1.08854
1.08724
1.08469
1.08137
1.07751
1.07299
1.06746
1.0606
1.05254
1.04409
1.03668
1.03201
1.03141
1.03544
1.04342
1.0537
1.06388
1.07132
1.07351
1.06865
1.05603
1.03659
1.01324
0.99017
0.971357
0.958841
0.952368
0.950407
0.951556
0.955204
0.961491
0.970824
0.983388
0.998792
1.01606
1.03391
1.05107
1.06648
1.07914
1.08785
1.09112
1.08771
1.07744
1.06172
1.04361
1.02721
1.01648
1.01401
1.02043
1.03462
1.05428
1.07642
1.09782
1.1155
1.12715
1.13163
1.12908
1.12072
1.10855
1.09504
1.08296
1.07486
1.07227
1.07495
1.08093
1.08747
1.09244
1.09527
1.09693
1.09902
1.10233
1.10591
1.10749
1.10464
1.09604
1.08189
1.06393
1.04505
1.0286
1.01763
1.01401
1.01791
1.02788
1.04151
1.05608
1.06908
1.07847
1.08285
1.08172
1.07559
1.06597
1.05522
1.04602
1.04076
1.04094
1.04686
1.05766
1.07172
1.0871
1.10182
1.11412
1.12258
1.12608
1.12404
1.11641
1.10372
1.08697
1.06734
1.04611
1.02476
1.00506
0.988869
0.977799
0.972449
0.972075
0.974875
0.978809
0.98248
0.985541
0.988629
0.992903
0.999252
1.00737
1.01558
1.02201
1.02616
1.02961
1.03516
1.04499
1.05911
1.07526
1.08998
1.09996
1.10282
1.09754
1.08454
1.06585
1.04506
1.02685
1.01572
1.01447
1.02324
1.03977
1.06048
1.08185
1.10123
1.11714
1.12924
1.13808
1.14458
1.14943
1.15268
1.15373
1.15164
1.14546
1.13445
1.11807
1.09614
1.06917
1.03865
1.00723
0.978331
0.955341
0.940464
0.933852
0.933757
0.93757
0.943005
0.948725
0.954519
0.961039
0.969478
0.981135
0.996929
1.01685
1.03972
1.06345
1.08571
1.10452
1.11859
1.12723
1.13026
1.12782
1.12026
1.10825
1.09298
1.07625
1.06011
1.04604
1.0344
1.02449
1.01532
1.00643
0.998245
0.991875
0.988345
0.987994
0.990302
0.994208
0.998591
1.00247
1.00504
1.00581
1.0051
1.0044
1.00623
1.01293
1.0251
1.04092
1.05728
1.07164
1.08292
1.09127
1.09732
1.10164
1.10457
1.10631
1.10707
1.10718
1.10709
1.10738
1.10851
1.11058
1.11324
1.11584
1.11765
1.11815
1.11716
1.11499
1.11244
1.11052
1.11
1.11107
1.11338
1.11633
1.11919
1.12121
1.1215
1.11925
1.11385
1.10521
1.09394
1.08122
1.06832
1.05597
1.04396
1.03164
1.01911
1.00839
1.00313
1.00622
1.01706
1.03192
1.04688
1.05997
1.07098
1.08014
1.08742
1.0924
1.09464
1.09393
1.09027
1.08368
1.07418
1.06187
1.04726
1.03162
1.01719
1.00688
1.00307
1.00613
1.01392
1.02271
1.02885
1.02999
1.02548
1.01623
1.00439
0.99255
0.98294
0.976738
0.974388
0.976342
0.983505
0.996682
1.01581
1.03956
1.06557
1.09103
1.11337
1.1308
1.14253
1.14876
1.15014
1.14715
1.13974
1.12771
1.11114
1.09099
1.06898
1.04728
1.02783
1.01192
1.00032
0.993508
0.991552
0.993786
0.998949
1.00574
1.0133
1.02123
1.0293
1.03729
1.04499
1.05237
1.05964
1.067
1.07428
1.08067
1.08475
1.0852
1.08157
1.07493
1.06792
1.06392
1.06539
1.07237
1.08236
1.09172
1.09718
1.09695
1.09102
1.08075
1.06796
1.05421
1.04082
1.02943
1.02237
1.02216
1.03017
1.0454
1.06453
1.08327
1.09786
1.10604
1.10703
1.10128
1.08994
1.07431
1.05545
1.03404
1.01076
0.986687
0.963544
0.943389
0.927939
0.917871
0.912784
0.911897
0.91478
0.921351
0.931106
0.94263
0.95421
0.964953
0.975068
0.985181
0.995524
1.00579
1.01563
1.02506
1.0343
1.0433
1.05119
1.05631
1.05686
1.05171
1.04106
1.02679
1.0123
1.00173
0.9983
1.00276
1.01303
1.02547
1.03667
1.04487
1.05044
1.05514
1.06064
1.06735
1.07419
1.07926
1.08079
1.07785
1.07044
1.05943
1.04642
1.03348
1.02283
1.01622
1.0144
1.01694
1.02237
1.02882
1.0345
1.03807
1.03876
1.0365
1.03194
1.02635
1.02128
1.01793
1.01681
1.01758
1.01931
1.02106
1.02217
1.02258
1.02275
1.02349
1.02559
1.02911
1.03297
1.03513
1.03342
1.02647
1.01428
0.998185
0.980439
0.963554
0.949675
0.940171
0.935502
0.935405
0.939263
0.946315
0.955758
0.966728
0.978406
0.990149
1.00152
1.01218
1.02175
1.02987
1.03634
1.04127
1.045
1.04781
1.04969
1.05041
1.04995
1.04897
1.04864
1.04999
1.05314
1.05706
1.05993
1.05973
1.05498
1.04516
1.03103
1.01461
0.998739
0.986249
0.978878
0.976582
0.977753
0.980147
0.981794
0.981488
0.978736
0.973448
0.965919
0.957056
0.948602
0.94277
0.941415
0.945323
0.954006
0.966006
0.979389
0.992262
1.00313
1.01107
1.01576
1.01749
1.01715
1.01602
1.01553
1.01676
1.02027
1.02606
1.03378
1.04295
1.05295
1.06319
1.07312
1.08235
1.09054
1.09722
1.10176
1.10361
1.10251
1.09875
1.09307
1.08637
1.07942
1.07266
1.06609
1.05947
1.05248
1.04489
1.03678
1.02859
1.02111
1.01536
1.01228
1.01242
1.01559
1.02097
1.02736
1.03371
1.0394
1.04427
1.04859
1.05281
1.05721
1.06169
1.06579
1.06916
1.07194
1.07473
1.07812
1.08229
1.08696
1.09189
1.09708
1.10271
1.10878
1.11474
1.11953
1.12183
1.12056
1.11511
1.10543
1.09201
1.07593
1.059
1.04356
1.03215
1.0268
1.02864
1.03753
1.05225
1.07083
1.09101
1.11058
1.12745
1.1398
1.14611
1.14549
1.1377
1.12321
1.10303
1.07866
1.05201
1.02548
1.00192
0.984274
0.974793
0.974388
0.982463
0.997381
1.01697
1.03878
1.0603
1.07937
1.09465
1.10579
1.11317
1.11735
1.11869
1.11723
1.11303
1.10636
1.09759
1.08697
1.07441
1.05967
1.0428
1.02445
1.00608
0.989835
0.978101
0.972746
0.974362
0.98203
0.993687
1.00688
1.0195
1.03024
1.03847
1.04411
1.04733
1.04844
1.04799
1.04664
1.04484
1.04257
1.0393
1.0345
1.02803
1.02023
1.01153
1.00215
0.992349
0.983141
0.977093
0.977859
0.98784
1.00593
1.02791
1.04896
1.06559
1.07613
1.08027
1.07836
1.07096
1.05862
1.04188
1.02163
0.999806
0.979952
0.966563
0.96281
0.968182
0.978516
0.988502
0.994358
0.994912
0.991161
0.985188
0.979178
0.974828
0.973258
0.975041
0.980199
0.988154
0.997872
1.00841
1.01943
1.0312
1.04413
1.05813
1.07247
1.08604
1.09769
1.10647
1.11176
1.11327
1.11106
1.10542
1.09687
1.08622
1.07452
1.06297
1.0526
1.04406
1.03746
1.03252
1.0286
1.02499
1.02106
1.01657
1.01175
1.00732
1.00427
1.00364
1.00631
1.0129
1.02377
1.03886
1.05766
1.07934
1.10296
1.12744
1.1513
1.17245
1.18853
1.19761
1.19874
1.19221
1.17935
1.16215
1.14284
1.1233
1.10453
1.08667
1.06958
1.0534
1.0387
1.0261
1.01594
1.0081
1.00227
0.998169
0.995915
0.995848
0.998242
1.00306
1.00988
1.01809
1.02693
1.03551
1.04288
1.0482
1.05086
1.05065
1.04793
1.04382
1.03995
1.03777
1.03757
1.03847
1.0397
1.04188
1.04653
1.05385
1.06156
1.06642
1.06616
1.06027
1.04961
1.03597
1.02146
1.00818
0.997755
0.991224
0.989026
0.991205
0.99753
1.00752
1.02036
1.035
1.05029
1.06516
1.07875
1.09037
1.09957
1.10617
1.11027
1.11212
1.11206
1.1103
1.10688
1.10167
1.09455
1.08545
1.07443
1.06173
1.04797
1.03449
1.02363
1.01813
1.01962
1.02718
1.03747
1.04633
1.05075
1.04992
1.04506
1.03824
1.03099
1.02372
1.01619
1.00838
1.00102
0.995494
0.993285
0.99538
1.00179
1.01151
1.02318
1.03588
1.04951
1.06436
1.08024
1.09598
1.10977
1.11997
1.12557
1.12639
1.12282
1.11578
1.10652
1.09646
1.08687
1.07854
1.07147
1.06514
1.05881
1.05202
1.04486
1.03777
1.0311
1.02474
1.0181
1.01063
1.00238
0.994129
0.987085
0.982371
0.980543
0.981266
0.983529
0.986291
0.989102
0.992123
0.995707
0.999948
1.00451
1.00875
1.0121
1.01445
1.01645
1.01943
1.02488
1.03364
1.04516
1.05746
1.06802
1.07487
1.07749
1.07699
1.07536
1.0738
1.07177
1.06764
1.06026
1.04978
1.03752
1.02509
1.01391
1.00486
0.998329
0.994437
0.993342
0.995337
1.00074
1.00961
1.02148
1.03535
1.04985
1.06354
1.07526
1.08448
1.09132
1.09634
1.10007
1.10278
1.10429
1.10407
1.10137
1.09551
1.08617
1.07351
1.05827
1.04175
1.02556
1.01134
1.00029
0.992789
0.988304
0.985825
0.984407
0.98345
0.982627
0.981629
0.980139
0.978251
0.977216
0.979902
0.989716
1.00806
1.03249
1.05792
1.07944
1.09405
1.10067
1.09968
1.09238
1.08071
