1.14897
1.15984
1.16067
1.151
1.13244
1.10835
1.08322
1.06135
1.04599
1.03901
1.04087
1.05089
1.06772
1.08972
1.1151
1.14191
1.16784
1.19021
1.20629
1.21367
1.21082
1.19746
1.1746
1.14438
1.10984
1.07447
1.04169
1.01438
0.994397
0.982547
0.978544
0.981258
0.988962
0.999635
1.01126
1.02207
1.03098
1.03771
1.04278
1.04733
1.05269
1.06011
1.07046
1.08395
1.10009
1.11759
1.13447
1.14851
1.15747
1.15974
1.15464
1.14254
1.12487
1.10391
1.08221
1.06177
1.04384
1.02881
1.01672
1.00802
1.00358
1.00445
1.01106
1.02256
1.03708
1.05258
1.0677
1.08193
1.0955
1.10872
1.12148
1.13324
1.14311
1.15015
1.1537
1.15368
1.15063
1.14563
1.14015
1.13557
1.13273
1.1314
1.13007
1.12626
1.11777
1.10424
1.08832
1.07441
1.06542
1.06061
1.05695
1.05211
1.04566
1.03863
1.0322
1.02689
1.02243
1.01819
1.0139
1.01006
1.00815
1.01008
1.01758
1.03145
1.05103
1.07446
1.09924
1.12306
1.14425
1.16194
1.17568
1.18492
1.18869
1.18568
1.17474
1.15558
1.12914
1.098
1.06638
1.03963
1.02249
1.01671
1.01983
1.02706
1.0343
1.03977
1.04391
1.04845
1.05512
1.06493
1.07779
1.09269
1.10825
1.12286
1.13457
1.14107
1.14018
1.13101
1.11467
1.09405
1.07319
1.05613
1.04596
1.04415
1.05039
1.06309
1.08022
1.10033
1.1229
1.14774
1.17389
1.19911
1.22029
1.23447
1.23961
1.2352
1.22221
1.20277
1.17948
1.15455
1.12924
1.10405
1.07933
1.0558
1.03457
1.01692
1.00371
0.995145
0.990817
0.989864
0.991141
0.993538
0.996304
0.999226
1.00246
1.00623
1.01041
1.01444
1.01758
1.01942
1.0204
1.02191
1.02586
1.03409
1.04744
1.06547
1.08654
1.10836
1.12865
1.14554
1.15777
1.16481
1.16679
1.16421
1.15773
1.14792
1.13542
1.12103
1.10608
1.09226
1.08142
1.07529
1.07493
1.08044
1.09069
1.10361
1.11658
1.12718
1.13374
1.13576
1.13386
1.12936
1.12335
1.11626
1.10771
1.09692
1.08333
1.06724
1.04995
1.03374
1.02155
1.01626
1.01992
1.033
1.05398
1.07974
1.10623
1.12939
1.14595
1.15385
1.15226
1.14147
1.12263
1.09743
1.06787
1.03606
1.00446
0.975975
0.954074
0.942336
0.943692
0.95921
0.987532
1.02503
1.06698
1.10872
1.14651
1.17788
1.20141
1.21616
1.22158
1.21768
1.2052
1.18607
1.16333
1.14071
1.12158
1.10779
1.09916
1.09386
1.08976
1.08527
1.07959
1.0724
1.06376
1.05419
1.04454
1.03585
1.02916
1.02525
1.02462
1.02757
1.0341
1.04393
1.05633
1.07023
1.08435
1.09775
1.11007
1.12181
1.13394
1.14707
1.16096
1.17399
1.18326
1.18557
1.17832
1.16025
1.13192
1.09575
1.0557
1.01664
0.983545
0.960623
0.95053
0.95387
0.969091
0.992643
1.01991
1.04615
1.06757
1.08155
1.0868
1.08328
1.07214
1.05582
1.03792
1.02265
1.01375
1.01316
1.02043
1.0336
1.05062
1.07024
1.09205
1.11569
1.14034
1.16457
1.18667
1.20507
1.21868
1.22682
1.22913
1.22534
1.21546
1.19999
1.1801
1.15772
1.13516
1.11443
1.09667
1.08156
1.06747
1.05223
1.03422
1.01345
0.991839
0.97302
0.96133
0.960579
0.972669
0.996678
1.02887
1.0639
1.09602
1.12059
1.13471
1.13723
1.12868
1.1108
1.08611
1.05771
1.02921
1.00465
0.988059
0.982706
0.990041
1.00921
1.03731
1.07016
1.1034
1.13347
1.15806
1.17603
1.18708
1.19125
1.18844
1.17844
1.16181
1.14032
1.11673
1.09413
1.07512
1.06157
1.05474
1.05521
1.06259
1.07537
1.09103
1.10682
1.12046
1.13055
1.13668
1.13896
1.13747
1.13176
1.12127
1.1058
1.086
1.06391
1.04323
1.02854
1.02376
1.03032
1.04649
1.06808
1.09035
1.10957
1.12348
1.13112
1.13222
1.12697
1.116
1.10047
1.08216
1.06344
1.0469
1.03485
1.02902
1.03016
1.03794
1.0509
1.06671
1.08261
1.09586
1.1045
1.10773
1.10599
1.10072
1.09418
1.08887
1.08668
1.08819
1.09236
1.09689
1.09894
1.0958
1.08558
1.06773
1.04367
1.01746
0.995809
0.986183
0.993226
1.01598
1.04884
1.08469
1.11751
1.14315
1.15913
1.1643
1.15874
1.14383
1.12224
1.09785
1.0752
1.05864
1.05139
1.05487
1.06844
1.08984
1.11568
1.14199
1.1648
1.18085
1.18804
1.18564
1.17429
1.15593
1.13341
1.10992
1.0884
1.07139
1.06053
1.0565
1.05885
1.06616
1.0765
1.08773
1.09807
1.10628
1.11165
1.11386
1.11292
1.10892
1.10176
1.09122
1.07709
1.05957
1.03948
1.01853
0.999087
0.983831
0.975056
0.974167
0.981381
0.995644
1.01484
1.03655
1.05845
1.07849
1.095
1.10649
1.11168
1.10982
1.10093
1.08638
1.06912
1.0537
1.04524
1.04778
1.06258
1.08748
1.11752
1.14653
1.16866
1.17946
1.17655
1.15992
1.13192
1.09715
1.06193
1.03331
1.0173
1.01697
1.03141
1.05601
1.08463
1.11152
1.13281
1.14687
1.15393
1.15561
1.15424
1.15212
1.15082
1.15071
1.15086
1.14946
1.14448
1.13472
1.12039
1.10312
1.08546
1.0702
1.05956
1.05483
1.05639
1.06374
1.07587
1.09119
1.10802
1.12473
1.13984
1.15184
1.15929
1.1609
1.15576
1.14366
1.12533
1.10259
1.07805
1.05464
1.0349
1.02049
1.01185
1.00847
1.00898
1.01154
1.01432
1.01599
1.01604
1.01505
1.01464
1.01692
1.02382
1.03644
1.05459
1.07674
1.10017
1.12155
1.13782
1.14701
1.14873
1.14398
1.13447
1.12228
1.10947
1.09809
1.08995
1.08607
1.08644
1.08985
1.09448
1.09866
1.10153
1.10349
1.10624
1.11196
1.12217
1.1366
1.15305
1.16821
1.17888
1.18272
1.17861
1.16691
1.14936
1.12858
1.10749
1.08834
1.07229
1.05929
1.04861
1.03945
1.03089
1.02185
1.01131
0.998822
0.985243
0.972808
0.964469
0.962753
0.968862
0.982381
1.00184
1.02549
1.0518
1.07948
1.1073
1.13391
1.15776
1.17743
1.19174
1.20004
1.20234
1.19914
1.19115
1.17887
1.16257
1.1424
1.11874
1.09236
1.06457
1.03719
1.01253
0.99309
0.981131
0.978146
0.984081
0.997284
1.01498
1.03423
1.05262
1.06878
1.08238
1.09381
1.10373
1.11251
1.12024
1.12718
1.13397
1.14153
1.15077
1.16217
1.17556
1.18986
1.20324
1.21344
1.21823
1.21604
1.20623
1.18914
1.16586
1.13788
1.1068
1.07433
1.04235
1.01289
0.987896
0.968931
0.956733
0.951091
0.951017
0.955215
0.9627
0.973652
0.98973
1.01291
1.04316
1.07719
1.10969
1.13569
1.15187
1.15671
1.15018
1.13358
1.10936
1.08094
1.05202
1.02596
1.00523
0.991673
0.986401
0.989789
1.00108
1.01847
1.03958
1.06228
1.08495
1.1065
1.12606
1.14282
1.15597
1.16481
1.16905
1.16891
1.16518
1.159
1.15147
1.1434
1.13503
1.12619
1.11661
1.10628
1.09535
1.08441
1.0743
1.06576
1.05924
1.05478
1.0522
1.05112
1.05101
1.05138
1.0519
1.0524
1.05306
1.05419
1.05622
1.05949
1.06401
1.06955
1.07544
1.08096
1.08549
1.08873
1.09086
1.09263
1.095
1.09886
1.10441
1.1112
1.11837
1.12493
1.13018
1.13376
1.13566
1.13606
1.13498
1.13205
1.12652
1.11745
1.1042
1.08682
1.0663
1.04481
1.02512
1.01006
1.00152
1.00002
1.00474
1.01377
1.02489
1.03624
1.04679
1.05626
1.06479
1.07262
1.08017
1.08826
1.09795
1.11026
1.12562
1.1432
1.16072
1.17502
1.1829
1.18192
1.17106
1.15079
1.12296
1.09046
1.0568
1.02566
1.00056
0.984872
0.981619
0.9928
1.01781
1.05267
1.09092
1.12618
1.15405
1.17238
1.1808
1.17968
1.16981
1.15243
1.12946
1.10376
1.079
1.05892
1.0464
1.04276
1.04767
1.05949
1.07596
1.09459
1.11305
1.12911
1.1406
1.14558
1.14274
1.13157
1.11256
1.08712
1.05755
1.02651
0.996745
0.970886
0.951302
0.940044
0.938469
0.946967
0.964644
0.989478
1.01871
1.04946
1.07921
1.10636
1.13031
1.15138
1.17025
1.18728
1.2021
1.21341
1.21925
1.21753
1.207
1.18788
1.16243
1.13434
1.10728
1.08379
1.06514
1.05188
1.04403
1.04111
1.04218
1.04632
1.05288
1.06168
1.07252
1.08484
1.09755
1.10916
1.11805
1.12267
1.1221
1.11633
1.10625
1.09359
1.08045
1.06889
1.06041
1.05574
1.05463
1.05616
1.05919
1.06271
1.06631
1.07019
1.07484
1.08033
1.08578
1.08983
1.09124
1.08939
1.08463
1.07791
1.07042
1.06321
1.0569
1.05159
1.0471
1.04316
1.03987
1.03796
1.03881
1.04427
1.05604
1.07475
1.09913
1.12611
1.15173
1.17213
1.18455
1.18788
1.18265
1.17054
1.15386
1.13486
1.11531
1.09643
1.07901
1.06371
1.0514
1.04332
1.04057
1.04355
1.05163
1.06323
1.07661
1.09009
1.10242
1.11276
1.12052
1.12524
1.12662
1.12431
1.11797
1.10765
1.09391
1.0782
1.06265
1.04977
1.04183
1.04031
1.04569
1.05723
1.07309
1.09059
1.10675
1.11914
1.12634
1.12804
1.12471
1.11696
1.10544
1.09105
1.07522
1.06011
1.04814
1.04129
1.04074
1.04656
1.05771
1.07238
1.08817
1.10257
1.11321
1.11843
1.11758
1.11132
1.10138
1.09011
1.08005
1.07333
1.07133
1.0746
1.08295
1.0957
1.11154
1.1287
1.145
1.15795
1.16521
1.16507
1.15666
1.14022
1.11703
1.08955
1.06094
1.0348
1.01442
1.0023
0.999483
1.00557
1.01885
1.03686
1.05678
1.07568
1.09091
1.1005
1.10323
1.0991
1.08941
1.07646
1.0631
1.05212
1.04566
1.04459
1.04847
1.05581
1.06459
1.07308
1.0801
1.08499
1.08783
