0.76598
0.773223
0.773782
0.767334
0.754958
0.7389
0.722145
0.707564
0.697329
0.692673
0.693914
0.700593
0.711811
0.72648
0.743403
0.76127
0.778558
0.793475
0.804193
0.80911
0.807211
0.798304
0.783068
0.762919
0.739894
0.716313
0.694463
0.676251
0.662931
0.655031
0.652363
0.654172
0.659308
0.666423
0.674174
0.681383
0.687318
0.691804
0.695184
0.698217
0.701797
0.706738
0.71364
0.722634
0.733392
0.745058
0.756314
0.765676
0.771648
0.773159
0.769758
0.761694
0.749912
0.735939
0.721472
0.707849
0.695896
0.685873
0.677817
0.672014
0.669055
0.669634
0.674041
0.681708
0.691388
0.701723
0.711802
0.721288
0.730335
0.739147
0.747651
0.755493
0.762071
0.766769
0.769134
0.76912
0.767084
0.763755
0.760097
0.757044
0.755151
0.754265
0.753378
0.750841
0.745183
0.736163
0.725548
0.716271
0.710281
0.707071
0.704632
0.701404
0.697106
0.692421
0.688136
0.68459
0.681618
0.678794
0.675932
0.673371
0.672103
0.673388
0.678389
0.687633
0.700685
0.716307
0.73283
0.748705
0.762836
0.774628
0.783785
0.789943
0.792458
0.790452
0.783163
0.770388
0.752759
0.731999
0.710917
0.693084
0.681662
0.677805
0.679888
0.684708
0.689535
0.693179
0.695942
0.698964
0.703413
0.709952
0.718529
0.728462
0.738836
0.748571
0.756379
0.760711
0.76012
0.754008
0.743112
0.729368
0.715459
0.704084
0.697309
0.696097
0.70026
0.708725
0.720144
0.733554
0.748602
0.765163
0.782592
0.799406
0.813529
0.82298
0.826404
0.823464
0.81481
0.80185
0.786322
0.769699
0.75283
0.736036
0.719556
0.703864
0.689716
0.677945
0.669139
0.66343
0.660544
0.659909
0.660761
0.662359
0.664203
0.666151
0.66831
0.67082
0.673609
0.676291
0.678385
0.679613
0.680264
0.681271
0.683907
0.689394
0.698292
0.710315
0.724357
0.738908
0.752436
0.763692
0.771846
0.776543
0.777859
0.776141
0.771817
0.765282
0.756947
0.747351
0.737386
0.728175
0.720947
0.71686
0.716619
0.72029
0.727126
0.735737
0.744385
0.751457
0.755828
0.757172
0.755909
0.752908
0.748897
0.744173
0.738475
0.731279
0.722222
0.711492
0.699968
0.689163
0.681031
0.677504
0.679947
0.688664
0.702652
0.719825
0.737485
0.752929
0.763967
0.769231
0.768174
0.760983
0.748418
0.731617
0.711917
0.690707
0.669637
0.65065
0.636049
0.628224
0.629128
0.639474
0.658354
0.683355
0.711319
0.73915
0.764342
0.785256
0.80094
0.810773
0.814388
0.811787
0.803468
0.790711
0.775556
0.760473
0.747717
0.738525
0.732772
0.729238
0.726506
0.723514
0.719729
0.714935
0.709171
0.702795
0.69636
0.690569
0.686104
0.683498
0.683081
0.685044
0.689402
0.695955
0.704223
0.713485
0.722898
0.731835
0.740044
0.747872
0.755958
0.764714
0.773976
0.782658
0.788839
0.790378
0.785545
0.773498
0.754615
0.730497
0.703797
0.677759
0.655697
0.640416
0.633687
0.635913
0.646061
0.661762
0.679937
0.697436
0.711716
0.72103
0.724536
0.722188
0.714758
0.703879
0.691948
0.681765
0.675831
0.675442
0.680287
0.689068
0.700414
0.713492
0.728031
0.743794
0.760224
0.776379
0.791114
0.803381
0.812453
0.817883
0.81942
0.816895
0.810308
0.799993
0.786732
0.771813
0.756774
0.742954
0.731116
0.721041
0.71165
0.701483
0.689481
0.675632
0.661226
0.64868
0.640887
0.640386
0.648446
0.664452
0.685916
0.709267
0.73068
0.747061
0.756476
0.758154
0.752457
0.740531
0.724073
0.70514
0.686138
0.669769
0.658706
0.655137
0.660028
0.672806
0.691539
0.713442
0.7356
0.755648
0.772042
0.784018
0.791386
0.79417
0.792295
0.785626
0.774541
0.760211
0.744489
0.729417
0.716744
0.707715
0.703163
0.703475
0.708395
0.716916
0.727356
0.737882
0.746976
0.7537
0.757789
0.759307
0.758311
0.754504
0.747513
0.737197
0.723997
0.709272
0.695486
0.685694
0.682505
0.686883
0.697659
0.712056
0.726902
0.739714
0.748989
0.75408
0.754813
0.751314
0.744
0.733648
0.721443
0.708959
0.697932
0.689898
0.686014
0.686774
0.691959
0.700599
0.71114
0.721743
0.730572
0.736333
0.738489
0.737327
0.733812
0.729452
0.725913
0.724454
0.725463
0.728242
0.731262
0.732629
0.73053
0.723717
0.71182
0.695781
0.67831
0.663873
0.657455
0.662151
0.677319
0.699228
0.723128
0.745006
0.7621
0.772756
0.7762
0.772494
0.762553
0.748157
0.731901
0.716801
0.70576
0.700929
0.703246
0.712294
0.726557
0.743788
0.761327
0.77653
0.787231
0.792024
0.790424
0.782857
0.770622
0.755608
0.739944
0.725602
0.714257
0.707017
0.704336
0.705902
0.710776
0.717666
0.725151
0.732045
0.737521
0.741099
0.742575
0.741947
0.739279
0.734507
0.727478
0.71806
0.706377
0.692984
0.679018
0.666058
0.655888
0.650037
0.649445
0.654254
0.663762
0.676559
0.691035
0.705632
0.718996
0.729999
0.73766
0.741122
0.739879
0.733955
0.724252
0.712747
0.702468
0.696824
0.698518
0.708387
0.724984
0.745017
0.764351
0.779106
0.786307
0.784365
0.773279
0.754613
0.731434
0.707956
0.688875
0.678199
0.677983
0.687606
0.704009
0.723089
0.741012
0.75521
0.764583
0.769288
0.770407
0.769493
0.768079
0.767212
0.767137
0.767242
0.766309
0.762986
0.75648
0.746928
0.735411
0.723643
0.713465
0.706373
0.703223
0.704258
0.709163
0.717247
0.72746
0.73868
0.74982
0.759891
0.767894
0.772863
0.773936
0.77051
0.762439
0.750217
0.735058
0.718698
0.703092
0.689932
0.680324
0.674563
0.672313
0.672652
0.674358
0.676213
0.677327
0.67736
0.6767
0.676426
0.677945
0.682547
0.690959
0.703063
0.717826
0.733444
0.747697
0.758547
0.764676
0.765822
0.762654
0.756314
0.748188
0.739648
0.732063
0.726636
0.724045
0.724293
0.726565
0.729655
0.732443
0.734351
0.73566
0.737492
0.741309
0.748115
0.75773
0.768697
0.778808
0.785922
0.788479
0.785742
0.777941
0.766237
0.752388
0.738325
0.725557
0.714862
0.706194
0.699075
0.692964
0.687258
0.681235
0.674206
0.665881
0.656829
0.648538
0.642979
0.641835
0.645908
0.65492
0.66789
0.683662
0.701197
0.719653
0.738201
0.755939
0.77184
0.784957
0.794494
0.800025
0.801563
0.799424
0.794098
0.785912
0.775047
0.761602
0.74583
0.728239
0.709711
0.691457
0.67502
0.66206
0.654087
0.652097
0.656054
0.664856
0.676652
0.689486
0.701749
0.712521
0.721586
0.729208
0.735819
0.741675
0.746826
0.751452
0.755979
0.761022
0.767177
0.774778
0.783704
0.793239
0.802158
0.80896
0.812151
0.810693
0.804151
0.792757
0.777242
0.758589
0.737867
0.716221
0.694901
0.675259
0.658597
0.645954
0.637822
0.634061
0.634011
0.63681
0.6418
0.649101
0.65982
0.675271
0.695442
0.718124
0.739791
0.757127
0.767912
0.771139
0.766789
0.755718
0.739576
0.720624
0.701348
0.683972
0.670155
0.661115
0.657601
0.659859
0.667389
0.678983
0.693054
0.708189
0.723303
0.73767
0.750706
0.761882
0.770644
0.776541
0.779364
0.779271
0.776786
0.772669
0.767649
0.762264
0.756687
0.750792
0.744409
0.737522
0.730236
0.722941
0.716202
0.710507
0.706159
0.703187
0.701469
0.700747
0.700676
0.700922
0.701264
0.701603
0.702037
0.702792
0.704145
0.706327
0.709342
0.713032
0.71696
0.72064
0.723662
0.725821
0.727239
0.728423
0.730003
0.732571
0.736271
0.740799
0.745579
0.749956
0.753454
0.755842
0.757105
0.757372
0.756654
0.754703
0.751015
0.744969
0.736133
0.72455
0.710867
0.696537
0.683411
0.673376
0.667682
0.666678
0.669824
0.675847
0.683262
0.690825
0.697858
0.704175
0.709858
0.715078
0.720116
0.725504
0.731963
0.740171
0.750416
0.762134
0.773815
0.783345
0.7886
0.787949
0.780706
0.767192
0.748642
0.726974
0.704533
0.683772
0.66704
0.656581
0.654412
0.661867
0.678541
0.701782
0.72728
0.750788
0.769365
0.78159
0.787197
0.786453
0.779875
0.768286
0.752972
0.735842
0.719331
0.705945
0.6976
0.695175
0.698445
0.706329
0.717304
0.729726
0.74203
0.752739
0.760398
0.763722
0.761825
0.754381
0.741705
0.724748
0.705031
0.68434
0.664497
0.647257
0.634201
0.626696
0.625646
0.631312
0.643096
0.659652
0.67914
0.699638
0.71947
0.737572
0.753539
0.767587
0.780165
0.791521
0.8014
0.808942
0.812831
0.811688
0.804665
0.791921
0.774953
0.756226
0.738186
0.722528
0.710096
0.701255
0.696022
0.694071
0.69479
0.697549
0.701918
0.707786
0.715014
0.723227
0.731701
0.739439
0.745366
0.748448
0.748063
0.744221
0.737501
0.72906
0.720303
0.712594
0.706942
0.703824
0.703089
0.704109
0.706128
0.708476
0.710873
0.713462
0.716563
0.720222
0.723855
0.726557
0.727492
0.726263
0.723084
0.718609
0.713612
0.708807
0.704598
0.701059
0.698067
0.695442
0.693246
0.691974
0.692538
0.696181
0.704028
0.716498
0.73275
0.75074
0.76782
0.781418
0.7897
0.791923
0.788432
0.780362
0.769241
0.756572
0.743542
0.730951
0.719342
0.709138
0.700937
0.695547
0.693712
0.6957
0.701088
0.708822
0.717739
0.72673
0.734948
0.741842
0.747011
0.750159
0.751081
0.749539
0.745313
0.738431
0.729275
0.718802
0.708432
0.699844
0.694555
0.693541
0.697127
0.70482
0.715394
0.727057
0.737835
0.746093
0.750894
0.752027
0.749808
0.744638
0.736963
0.727367
0.716813
0.706741
0.698757
0.694194
0.693828
0.697703
0.705139
0.714918
0.725446
0.735045
0.742143
0.745619
0.745052
0.740878
0.734254
0.726742
0.720037
0.715555
0.714221
0.716399
0.72197
0.730467
0.741028
0.752469
0.763333
0.77197
0.776809
0.776716
0.77111
0.760144
0.744686
0.726366
0.707296
0.689865
0.676281
0.668199
0.666322
0.670379
0.679235
0.691241
0.704517
0.717118
0.727276
0.733664
0.735483
0.732732
0.726274
0.717637
0.708733
0.701416
0.697107
0.696391
0.698983
0.703871
0.709724
0.715384
0.720064
0.723329
0.72522
