-6.82106
-6.83063
-6.83212
-6.82148
-6.80421
-6.78011
-6.75336
-6.73311
-6.7171
-6.71206
-6.71522
-6.72557
-6.7424
-6.76375
-6.79043
-6.81627
-6.84058
-6.86328
-6.88033
-6.88835
-6.88583
-6.87409
-6.85091
-6.82165
-6.78517
-6.75142
-6.71896
-6.69423
-6.67199
-6.65755
-6.65387
-6.65496
-6.6617
-6.6727
-6.68368
-6.69514
-6.70598
-6.71142
-6.71551
-6.72168
-6.72608
-6.73511
-6.74676
-6.76089
-6.77541
-6.79291
-6.80948
-6.82223
-6.83021
-6.83539
-6.82868
-6.81755
-6.79761
-6.776
-6.75463
-6.73484
-6.71723
-6.70252
-6.69076
-6.68141
-6.67859
-6.67913
-6.68574
-6.69692
-6.70982
-6.72371
-6.73688
-6.75014
-6.76695
-6.78049
-6.79422
-6.80663
-6.81585
-6.82355
-6.82839
-6.82837
-6.82564
-6.81935
-6.8158
-6.81058
-6.80709
-6.80382
-6.80443
-6.80063
-6.79182
-6.77829
-6.75977
-6.74585
-6.73752
-6.7327
-6.73034
-6.72356
-6.71776
-6.70943
-6.70365
-6.69703
-6.69193
-6.68769
-6.68275
-6.67891
-6.67636
-6.67926
-6.68805
-6.70192
-6.72247
-6.74752
-6.77198
-6.79645
-6.82056
-6.8363
-6.85069
-6.86284
-6.86305
-6.86328
-6.85073
-6.83124
-6.80415
-6.77398
-6.74171
-6.71366
-6.69588
-6.69107
-6.69193
-6.69851
-6.70738
-6.71479
-6.71828
-6.72411
-6.72981
-6.74091
-6.75475
-6.76997
-6.78618
-6.7982
-6.80926
-6.81641
-6.81455
-6.8057
-6.79065
-6.77036
-6.74981
-6.73113
-6.72129
-6.71818
-6.72475
-6.73648
-6.75231
-6.7721
-6.79564
-6.82081
-6.84695
-6.87347
-6.89628
-6.90916
-6.91397
-6.90892
-6.89723
-6.87746
-6.85288
-6.82729
-6.80005
-6.77388
-6.74884
-6.72724
-6.70829
-6.69031
-6.67581
-6.66659
-6.66227
-6.66002
-6.66227
-6.66564
-6.66808
-6.67133
-6.67424
-6.67801
-6.68478
-6.6888
-6.69162
-6.69249
-6.69379
-6.69465
-6.69796
-6.70586
-6.7205
-6.73757
-6.75734
-6.78111
-6.79978
-6.81699
-6.82857
-6.83723
-6.84018
-6.83598
-6.83015
-6.82099
-6.80914
-6.78988
-6.77526
-6.76015
-6.75157
-6.74641
-6.74573
-6.75091
-6.76214
-6.7757
-6.78932
-6.8009
-6.80843
-6.8098
-6.80629
-6.80437
-6.79771
-6.79095
-6.78499
-6.77452
-6.76029
-6.74354
-6.72723
-6.71005
-6.69752
-6.69094
-6.69298
-6.70379
-6.72607
-6.75086
-6.7793
-6.80247
-6.81838
-6.82725
-6.82728
-6.81844
-6.79959
-6.77277
-6.74192
-6.70978
-6.67655
-6.65066
-6.63135
-6.61864
-6.62064
-6.63519
-6.66157
-6.69908
-6.74394
-6.78407
-6.82283
-6.85582
-6.87838
-6.89507
-6.90243
-6.89659
-6.88379
-6.86465
-6.84062
-6.81929
-6.79951
-6.78604
-6.77676
-6.77147
-6.76705
-6.76223
-6.75494
-6.74678
-6.73716
-6.72792
-6.72053
-6.71055
-6.70288
-6.69768
-6.69673
-6.70064
-6.70783
-6.71733
-6.72909
-6.7446
-6.76066
-6.77439
-6.78865
-6.80169
-6.81349
-6.82598
-6.84117
-6.85193
-6.86249
-6.86416
-6.85853
-6.83948
-6.81245
-6.77465
-6.73201
-6.69263
-6.65986
-6.63661
-6.62554
-6.62953
-6.64411
-6.66702
-6.69622
-6.72118
-6.74228
-6.75398
-6.75859
-6.75637
-6.74457
-6.72696
-6.71003
-6.69508
-6.68617
-6.68624
-6.69351
-6.70539
-6.7224
-6.7417
-6.76545
-6.79104
-6.81439
-6.8396
-6.8617
-6.8814
-6.89436
-6.90315
-6.90675
-6.90167
-6.89081
-6.87307
-6.85383
-6.83339
-6.81115
-6.78945
-6.77105
-6.75626
-6.74218
-6.72919
-6.71087
-6.68977
-6.66816
-6.65063
-6.63959
-6.63657
-6.64833
-6.67137
-6.69969
-6.73569
-6.76749
-6.78818
-6.80263
-6.80611
-6.79757
-6.77935
-6.75725
-6.73015
-6.70326
-6.68
-6.66179
-6.65837
-6.66441
-6.68294
-6.71169
-6.74357
-6.77714
-6.80688
-6.8318
-6.85009
-6.85952
-6.86499
-6.86218
-6.85121
-6.83426
-6.8147
-6.79079
-6.76851
-6.75111
-6.73725
-6.73172
-6.73315
-6.74053
-6.75105
-6.76509
-6.78347
-6.79744
-6.80688
-6.81171
-6.81593
-6.81444
-6.80873
-6.79727
-6.78148
-6.76103
-6.73861
-6.71761
-6.70163
-6.69814
-6.70276
-6.71893
-6.74117
-6.76409
-6.78396
-6.79787
-6.8068
-6.80758
-6.80071
-6.7852
-6.76903
-6.75104
-6.73296
-6.71545
-6.70404
-6.69886
-6.7
-6.70908
-6.72269
-6.73688
-6.75247
-6.76798
-6.77824
-6.78406
-6.77908
-6.77316
-6.76403
-6.76034
-6.75685
-6.75772
-6.76383
-6.76901
-6.76815
-6.76533
-6.75576
-6.73953
-6.71709
-6.69282
-6.67019
-6.66056
-6.66695
-6.68939
-6.72063
-6.75746
-6.78931
-6.81559
-6.83093
-6.83545
-6.83313
-6.8166
-6.79694
-6.77515
-6.75282
-6.73755
-6.73224
-6.73475
-6.74703
-6.76875
-6.79427
-6.82058
-6.84242
-6.85718
-6.86469
-6.86132
-6.85158
-6.83323
-6.80747
-6.78559
-6.76375
-6.74609
-6.73685
-6.73283
-6.73356
-6.73958
-6.75121
-6.76373
-6.77505
-6.78358
-6.78895
-6.79214
-6.78828
-6.78396
-6.77744
-6.76593
-6.74986
-6.73136
-6.71192
-6.69194
-6.67282
-6.65886
-6.65106
-6.64855
-6.65706
-6.67229
-6.69117
-6.70965
-6.73122
-6.75062
-6.76518
-6.77765
-6.78446
-6.78519
-6.7763
-6.76142
-6.74383
-6.72906
-6.71865
-6.72216
-6.73599
-6.76154
-6.79289
-6.82448
-6.84597
-6.85613
-6.85224
-6.83691
-6.80794
-6.77348
-6.73859
-6.71223
-6.69621
-6.69589
-6.70936
-6.73461
-6.76
-6.7885
-6.80948
-6.82548
-6.83124
-6.83098
-6.82863
-6.82586
-6.82359
-6.82574
-6.82655
-6.82353
-6.81854
-6.80684
-6.79575
-6.77783
-6.7605
-6.74555
-6.73524
-6.72889
-6.7298
-6.73651
-6.74961
-6.76654
-6.78208
-6.80009
-6.8139
-6.82623
-6.83271
-6.83497
-6.83145
-6.81869
-6.79971
-6.77794
-6.75275
-6.72967
-6.71154
-6.69713
-6.68849
-6.68286
-6.68401
-6.68787
-6.68936
-6.69006
-6.69108
-6.68976
-6.6887
-6.69001
-6.69723
-6.71018
-6.72671
-6.74951
-6.77326
-6.79626
-6.81222
-6.8227
-6.82086
-6.81611
-6.80692
-6.79765
-6.78451
-6.77249
-6.76402
-6.76014
-6.75986
-6.7623
-6.76661
-6.76983
-6.7756
-6.77724
-6.78257
-6.79056
-6.80142
-6.81552
-6.83035
-6.8452
-6.85619
-6.85906
-6.85301
-6.84131
-6.82472
-6.80395
-6.78253
-6.7637
-6.74798
-6.73465
-6.72171
-6.71319
-6.70431
-6.69495
-6.68376
-6.6703
-6.65705
-6.64364
-6.63368
-6.63067
-6.63905
-6.65418
-6.67396
-6.69794
-6.72522
-6.75517
-6.78655
-6.81348
-6.83798
-6.85701
-6.87326
-6.88026
-6.88095
-6.87871
-6.86781
-6.85585
-6.83794
-6.81486
-6.7912
-6.76578
-6.73799
-6.70996
-6.68563
-6.66424
-6.65649
-6.65351
-6.65977
-6.67394
-6.69358
-6.71413
-6.73253
-6.74868
-6.76034
-6.7708
-6.77975
-6.78756
-6.79431
-6.80319
-6.80901
-6.8169
-6.82645
-6.83786
-6.8506
-6.86782
-6.87958
-6.88946
-6.89554
-6.89173
-6.88224
-6.86548
-6.84058
-6.8139
-6.7799
-6.74678
-6.71642
-6.68631
-6.66196
-6.64138
-6.63048
-6.62225
-6.6225
-6.62702
-6.63515
-6.64384
-6.66121
-6.68535
-6.71626
-6.75255
-6.78538
-6.81333
-6.82821
-6.83305
-6.8262
-6.80862
-6.78473
-6.75598
-6.72771
-6.69938
-6.67768
-6.66509
-6.6595
-6.66483
-6.67483
-6.6919
-6.713
-6.737
-6.76
-6.7822
-6.80143
-6.81625
-6.82842
-6.83694
-6.84053
-6.84007
-6.83731
-6.83372
-6.82393
-6.81488
-6.80651
-6.80026
-6.79101
-6.78263
-6.77234
-6.76043
-6.74967
-6.74242
-6.73493
-6.72886
-6.7266
-6.72325
-6.72315
-6.72254
-6.72306
-6.72357
-6.72551
-6.72859
-6.73288
-6.73648
-6.74165
-6.74524
-6.74919
-6.75536
-6.76022
-6.76151
-6.76267
-6.76412
-6.76779
-6.77099
-6.77557
-6.78333
-6.79244
-6.79675
-6.80297
-6.80849
-6.80941
-6.80884
-6.80906
-6.80937
-6.8019
-6.7951
-6.7812
-6.76511
-6.74621
-6.72212
-6.70243
-6.68641
-6.67722
-6.67604
-6.68011
-6.68752
-6.69767
-6.70902
-6.72022
-6.72904
-6.73789
-6.74572
-6.7536
-6.76103
-6.77104
-6.78497
-6.79969
-6.81824
-6.83836
-6.85427
-6.86022
-6.85795
-6.84805
-6.8294
-6.79931
-6.76421
-6.73152
-6.70102
-6.67625
-6.66023
-6.65536
-6.66427
-6.68832
-6.7248
-6.76208
-6.79864
-6.82651
-6.8442
-6.85326
-6.85246
-6.84162
-6.82586
-6.80191
-6.77848
-6.75533
-6.73558
-6.72112
-6.71651
-6.72239
-6.73519
-6.751
-6.76834
-6.78615
-6.80092
-6.80949
-6.81675
-6.8152
-6.80468
-6.78501
-6.75764
-6.72806
-6.6967
-6.66725
-6.64172
-6.62375
-6.61346
-6.61156
-6.61812
-6.63482
-6.66128
-6.69052
-6.72126
-6.75263
-6.78043
-6.80568
-6.8261
-6.84724
-6.86621
-6.87812
-6.88976
-6.89462
-6.89291
-6.88172
-6.86325
-6.83715
-6.80809
-6.78168
-6.75851
-6.74051
-6.7279
-6.72102
-6.71615
-6.71529
-6.72169
-6.72825
-6.73575
-6.7453
-6.756
-6.76904
-6.78032
-6.79083
-6.79643
-6.79391
-6.78912
-6.77871
-6.76572
-6.75323
-6.7407
-6.73028
-6.72657
-6.72482
-6.72538
-6.72841
-6.73323
-6.73747
-6.74038
-6.74633
-6.75214
-6.76018
-6.76585
-6.76855
-6.76703
-6.76226
-6.75328
-6.74449
-6.73631
-6.72838
-6.72436
-6.71988
-6.71626
-6.71426
-6.71397
-6.71482
-6.7206
-6.7327
-6.75108
-6.77514
-6.80277
-6.83066
-6.85106
-6.86316
-6.86487
-6.85964
-6.84688
-6.82794
-6.81055
-6.79165
-6.77309
-6.75341
-6.73713
-6.72612
-6.71739
-6.71366
-6.71632
-6.72473
-6.73536
-6.74938
-6.7619
-6.77358
-6.78392
-6.79167
-6.79704
-6.80069
-6.7987
-6.79333
-6.78236
-6.76928
-6.75389
-6.73769
-6.72707
-6.72043
-6.71632
-6.72364
-6.73486
-6.7504
-6.7666
-6.78018
-6.79289
-6.80236
-6.80308
-6.80105
-6.79362
-6.7834
-6.76836
-6.75091
-6.73548
-6.72382
-6.71374
-6.71416
-6.719
-6.72951
-6.74386
-6.76224
-6.77567
-6.78599
-6.78991
-6.78777
-6.78151
-6.77416
-6.76321
-6.75413
-6.7487
-6.74508
-6.7477
-6.75702
-6.76848
-6.78594
-6.8031
-6.8194
-6.83235
-6.83994
-6.83721
-6.8275
-6.81235
-6.7911
-6.76492
-6.73501
-6.70822
-6.68687
-6.6741
-6.67031
-6.67866
-6.69227
-6.71028
-6.73214
-6.75202
-6.76596
-6.77554
-6.7786
-6.7735
-6.76154
-6.74632
-6.73458
-6.72328
-6.71584
-6.7138
-6.71801
-6.7247
-6.73413
-6.74294
-6.75223
-6.75745
-6.76126
