-5.67209
-5.6708
-5.67145
-5.67047
-5.67177
-5.67176
-5.67014
-5.67176
-5.67111
-5.67306
-5.67435
-5.67468
-5.67468
-5.67403
-5.67533
-5.67436
-5.67274
-5.67307
-5.67404
-5.67469
-5.67501
-5.67663
-5.67631
-5.67728
-5.67533
-5.67695
-5.67727
-5.67986
-5.67759
-5.675
-5.67533
-5.67371
-5.67274
-5.67306
-5.67242
-5.67306
-5.67501
-5.67371
-5.67274
-5.67436
-5.67338
-5.675
-5.6763
-5.67694
-5.67533
-5.67533
-5.67501
-5.67371
-5.67274
-5.67566
-5.67404
-5.67501
-5.67274
-5.6721
-5.67242
-5.67306
-5.67339
-5.67371
-5.67404
-5.67339
-5.67501
-5.67468
-5.67468
-5.67436
-5.67274
-5.67112
-5.66918
-5.66821
-5.67145
-5.67177
-5.67274
-5.67339
-5.67274
-5.67339
-5.67469
-5.67469
-5.67501
-5.67371
-5.67566
-5.67501
-5.67436
-5.67242
-5.67437
-5.67437
-5.67404
-5.67404
-5.67145
-5.67145
-5.6721
-5.6721
-5.67339
-5.67145
-5.6721
-5.6708
-5.67144
-5.67015
-5.6695
-5.6695
-5.66885
-5.66885
-5.6682
-5.66918
-5.67047
-5.67047
-5.67144
-5.67306
-5.67274
-5.67339
-5.6763
-5.67436
-5.67501
-5.67793
-5.67436
-5.6776
-5.67599
-5.67566
-5.67502
-5.67599
-5.67534
-5.67404
-5.67339
-5.67436
-5.6721
-5.67145
-5.67307
-5.67502
-5.67437
-5.67566
-5.67469
-5.67599
-5.67696
-5.67728
-5.67793
-5.67534
-5.67469
-5.67534
-5.67437
-5.67469
-5.67598
-5.67631
-5.67663
-5.67501
-5.67533
-5.67403
-5.67436
-5.67339
-5.6721
-5.67177
-5.67274
-5.67306
-5.67307
-5.67436
-5.67598
-5.67469
-5.67437
-5.67372
-5.67501
-5.67469
-5.67339
-5.67274
-5.6708
-5.66983
-5.66951
-5.67145
-5.67371
-5.67339
-5.6721
-5.67145
-5.67145
-5.67016
-5.67113
-5.6721
-5.67178
-5.6721
-5.67178
-5.67178
-5.67437
-5.67437
-5.67404
-5.67307
-5.67339
-5.67275
-5.6721
-5.67177
-5.67307
-5.67209
-5.6708
-5.67274
-5.67113
-5.67145
-5.6708
-5.67242
-5.67339
-5.67177
-5.67242
-5.67307
-5.67371
-5.66886
-5.66918
-5.66788
-5.67015
-5.67112
-5.6708
-5.67047
-5.67145
-5.6721
-5.67274
-5.67372
-5.67469
-5.67404
-5.67242
-5.67501
-5.67436
-5.67469
-5.67728
-5.6776
-5.67695
-5.6763
-5.67728
-5.6763
-5.67598
-5.67468
-5.67306
-5.6708
-5.67209
-5.67112
-5.67307
-5.67307
-5.67243
-5.6734
-5.67502
-5.67696
-5.67696
-5.67534
-5.67404
-5.67372
-5.6721
-5.67468
-5.67727
-5.6763
-5.67695
-5.67598
-5.67404
-5.67404
-5.67696
-5.67534
-5.67632
-5.67794
-5.67697
-5.67891
-5.68085
-5.67891
-5.67859
-5.67859
-5.67729
-5.67858
-5.67793
-5.67826
-5.67761
-5.67761
-5.67729
-5.67696
-5.67534
-5.67437
-5.6734
-5.67373
-5.67599
-5.67469
-5.67372
-5.67243
-5.6721
-5.67308
-5.67372
-5.6734
-5.67275
-5.67437
-5.67632
-5.67664
-5.67858
-5.67988
-5.67956
-5.67891
-5.6802
-5.67794
-5.67924
-5.67859
-5.68021
-5.67924
-5.68053
-5.67891
-5.67632
-5.67599
-5.67631
-5.67599
-5.67501
-5.67566
-5.67502
-5.67437
-5.67632
-5.67503
-5.6747
-5.67244
-5.67179
-5.67308
-5.67244
-5.67114
-5.67211
-5.67243
-5.67243
-5.67308
-5.67308
-5.67178
-5.67178
-5.67146
-5.67341
-5.67535
-5.67405
-5.67503
-5.67503
-5.67632
-5.67568
-5.67632
-5.67762
-5.67632
-5.67535
-5.67308
-5.67373
-5.67567
-5.67599
-5.67502
-5.67437
-5.6747
-5.6747
-5.67697
-5.67665
-5.67632
-5.67632
-5.67761
-5.67826
-5.67599
-5.67567
-5.6747
-5.67082
-5.67179
-5.67147
-5.66759
-5.66791
-5.66888
-5.66888
-5.66856
-5.67114
-5.67244
-5.67405
-5.67535
-5.67373
-5.67567
-5.67437
-5.67373
-5.67438
-5.67341
-5.67374
-5.67341
-5.67373
-5.67406
-5.67244
-5.67374
-5.67374
-5.67277
-5.67244
-5.67438
-5.67406
-5.67438
-5.676
-5.67567
-5.67697
-5.67794
-5.67794
-5.67568
-5.67406
-5.67665
-5.67698
-5.67633
-5.67503
-5.67697
-5.67697
-5.67697
-5.676
-5.67568
-5.67503
-5.67471
-5.67438
-5.67308
-5.67438
-5.67243
-5.67244
-5.67309
-5.67374
-5.67439
-5.67439
-5.67568
-5.67536
-5.67374
-5.6692
-5.66855
-5.66888
-5.66952
-5.66855
-5.6692
-5.66984
-5.66984
-5.67114
-5.67179
-5.67017
-5.66985
-5.67212
-5.67374
-5.67633
-5.67309
-5.67244
-5.66985
-5.67147
-5.67017
-5.66952
-5.67147
-5.67212
-5.66921
-5.66953
-5.67018
-5.6718
-5.67342
-5.67536
-5.67438
-5.67437
-5.67373
-5.67341
-5.67179
-5.67277
-5.6718
-5.67244
-5.6718
-5.67115
-5.67439
-5.67277
-5.67471
-5.67729
-5.67761
-5.67891
-5.68085
-5.67988
-5.67859
-5.67891
-5.67859
-5.67859
-5.67762
-5.67633
-5.67665
-5.67568
-5.6773
-5.6773
-5.67406
-5.67568
-5.67535
-5.6747
-5.67632
-5.67632
-5.67471
-5.67341
-5.67471
-5.67601
-5.67698
-5.6773
-5.6773
-5.67827
-5.67536
-5.67504
-5.67568
-5.67471
-5.67277
-5.6718
-5.67244
-5.67341
-5.67374
-5.67503
-5.676
-5.67438
-5.67568
-5.67665
-5.67633
-5.67309
-5.67277
-5.67212
-5.67018
-5.67116
-5.67278
-5.67537
-5.67537
-5.67504
-5.67471
-5.67536
-5.67341
-5.67438
-5.67341
-5.67406
-5.67536
-5.67796
-5.67731
-5.67667
-5.6757
-5.67699
-5.67602
-5.67633
-5.67665
-5.67892
-5.67891
-5.67892
-5.67795
-5.6786
-5.67537
-5.67699
-5.67666
-5.67861
-5.67731
-5.67537
-5.67439
-5.67374
-5.67277
-5.67504
-5.67568
-5.67407
-5.67407
-5.67212
-5.67536
-5.67471
-5.67503
-5.67535
-5.67568
-5.67406
-5.67341
-5.67276
-5.67373
-5.67535
-5.67406
-5.67535
-5.67406
-5.67438
-5.67341
-5.67406
-5.67568
-5.67503
-5.67439
-5.67536
-5.67471
-5.67503
-5.67665
-5.67665
-5.67665
-5.67439
-5.67504
-5.67633
-5.67504
-5.67407
-5.67504
-5.67471
-5.67406
-5.67309
-5.67341
-5.67374
-5.67212
-5.67277
-5.6731
-5.67472
-5.67439
-5.67569
-5.67213
-5.67213
-5.67245
-5.67537
-5.67504
-5.67439
-5.67407
-5.67407
-5.67342
-5.67245
-5.67213
-5.67116
-5.67407
-5.67375
-5.67634
-5.6786
-5.67925
-5.67892
-5.67731
-5.67699
-5.67731
-5.67634
-5.67439
-5.67439
-5.67536
-5.67536
-5.67504
-5.67536
-5.67569
-5.67536
-5.6731
-5.67375
-5.67342
-5.6731
-5.67245
-5.67148
-5.67181
-5.67083
-5.66921
-5.66792
-5.67018
-5.6718
-5.67213
-5.67245
-5.67342
-5.67569
-5.67925
-5.67958
-5.68022
-5.67958
-5.68152
-5.68022
-5.67861
-5.67958
-5.67666
-5.67699
-5.67537
-5.67246
-5.67246
-5.67343
-5.67342
-5.67278
-5.6731
-5.67115
-5.67536
-5.67536
-5.67569
-5.67666
-5.6786
-5.6799
-5.6799
-5.6799
-5.67796
-5.67699
-5.67602
-5.67504
-5.67407
-5.67601
-5.67504
-5.67537
-5.67569
-5.67569
-5.67504
-5.67796
-5.67634
-5.67602
-5.67731
-5.67569
-5.67602
-5.67634
-5.67472
-5.67601
-5.6731
-5.67245
-5.67407
-5.67342
-5.67407
-5.67245
-5.67374
-5.67115
-5.67148
-5.6718
-5.67245
-5.67018
-5.67148
-5.67245
-5.6731
-5.67537
-5.67569
-5.67764
-5.67634
-5.67634
-5.67602
-5.67504
-5.67537
-5.67504
-5.67569
-5.67342
-5.67245
-5.67342
-5.6731
-5.67504
-5.67375
-5.67342
-5.67342
-5.67472
-5.67504
-5.67569
-5.67537
-5.67343
-5.67246
-5.67213
-5.67149
-5.67116
-5.67213
-5.67472
-5.67245
-5.67148
-5.67148
-5.67407
-5.6744
-5.67634
-5.67699
-5.67602
-5.67537
-5.67666
-5.67569
-5.67407
-5.6744
-5.67213
-5.67213
-5.67116
-5.67116
-5.67116
-5.67246
-5.6744
-5.67666
-5.67699
-5.67763
-5.67569
-5.67375
-5.6744
-5.67472
-5.67278
-5.67181
-5.67148
-5.67278
-5.67213
-5.67116
-5.67213
-5.67408
-5.67181
-5.67279
-5.67473
-5.67376
-5.67278
-5.67408
-5.67732
-5.67538
-5.67764
-5.677
-5.67829
-5.67991
-5.67732
-5.67731
-5.67634
-5.6757
-5.67602
-5.67537
-5.67375
-5.67278
-5.67278
-5.67343
-5.67278
-5.6731
-5.6731
-5.67343
-5.67278
-5.6731
-5.67472
-5.67407
-5.67504
-5.67763
-5.67926
-5.67732
-5.67602
-5.67699
-5.67861
-5.67634
-5.67375
-5.67472
-5.67536
-5.67569
-5.67536
-5.67374
-5.67147
-5.67051
-5.67213
-5.67116
-5.67246
-5.67246
-5.67181
-5.67246
-5.67278
-5.67181
-5.67343
-5.67246
-5.67472
-5.67634
-5.67666
-5.67472
-5.67375
-5.67472
-5.67569
-5.67505
-5.67375
-5.67311
-5.67181
-5.6689
-5.67117
-5.67246
-5.67311
-5.67246
-5.67051
-5.67051
-5.67019
-5.67051
-5.67083
-5.67245
-5.67342
-5.67309
-5.67115
-5.67018
-5.6718
-5.67181
-5.67181
-5.67343
-5.67407
-5.67537
-5.67472
-5.67699
-5.67893
-5.67602
-5.67634
-5.67537
-5.67537
-5.67473
-5.67537
-5.67472
-5.67375
-5.6744
-5.67472
-5.67537
-5.67602
-5.67699
-5.67504
-5.6731
-5.67537
-5.67537
-5.67407
-5.67278
-5.67116
-5.67148
-5.67116
-5.67278
-5.67375
-5.67181
-5.67278
-5.67246
-5.67213
-5.67278
-5.67181
-5.66986
-5.67084
-5.67019
-5.66922
-5.66922
-5.67051
-5.67116
-5.67019
-5.67148
-5.67181
-5.6744
-5.67602
-5.67731
-5.67764
-5.67764
-5.67537
-5.67407
-5.6731
-5.67148
-5.67277
-5.67278
-5.6731
-5.67439
-5.67601
-5.67601
-5.67633
-5.67666
-5.67633
-5.67601
-5.67666
-5.67893
-5.67893
-5.67861
-5.67699
-5.67699
-5.67634
-5.67407
-5.67569
-5.67634
-5.67666
-5.6744
-5.67342
-5.67472
-5.67407
-5.6731
-5.67277
-5.6731
-5.67213
-5.67277
-5.6718
-5.67116
-5.67116
-5.67116
-5.6718
-5.67407
-5.67439
-5.67536
-5.67472
-5.67537
-5.67569
-5.67504
-5.67731
-5.6786
-5.67601
-5.67795
-5.67763
-5.67731
-5.67601
-5.67342
-5.67375
-5.67601
-5.67504
-5.67634
-5.67666
-5.67796
-5.67731
-5.67569
-5.67536
-5.67569
-5.67245
-5.67342
-5.67245
-5.6718
-5.67148
-5.67407
-5.6731
-5.67278
-5.67148
-5.67019
-5.67019
-5.67278
-5.6731
-5.67407
-5.67537
-5.67375
-5.6731
-5.67407
-5.67278
-5.6744
-5.6744
-5.6744
-5.6744
-5.67473
-5.67213
-5.67084
-5.67213
-5.67407
-5.67537
-5.67407
-5.67342
-5.67245
-5.6718
-5.67083
-5.67309
-5.67342
-5.67342
-5.67537
-5.67634
-5.67505
-5.67505
-5.67537
-5.6744
-5.67213
-5.66986
-5.67148
-5.67115
-5.67018
-5.66921
-5.66954
-5.66889
-5.66954
-5.66987
-5.67213
-5.67246
-5.67343
