0.0  0.00031956432380343816  0.0015562035383373193
10.0  0.00038923326853678033  0.001892823148417984
20.0  0.00042752692606366576  0.002076952867584693
30.0  0.00045059998360339913  0.002187622546442711
40.0  0.0004647765601116901  0.002254557562045988
50.0  0.0004781204580079322  0.0023180462634524155
60.0  0.00048558038138122  0.0023537606201015876
70.0  0.0004950685749890291  0.002400682235823459
80.0  0.0005018162336533353  0.002429905079706622
90.0  0.000506525630241163  0.0024541025138227614
100.0  0.0005052986656198945  0.0024463523167984696
110.0  0.0005101304183938408  0.0024698959732768924
120.0  0.0005088325078822726  0.0024602856292948354
130.0  0.0005146287170208911  0.0024894907304468775
140.0  0.0005180482909383699  0.0025057792584739502
150.0  0.0005246691755175235  0.002538799757452736
160.0  0.0005176296335111954  0.0025025413113416817
170.0  0.0005215334929180062  0.0025201680773486107
180.0  0.0005155516342802609  0.0024941681548680933
190.0  0.000527956646417  0.0025531364094122317
200.0  0.0005212354947770055  0.002519924440709464
210.0  0.000522957213437189  0.002528485790134345
220.0  0.0005161344298002176  0.0024933055335418204
230.0  0.000521203438340636  0.002520194320258392
240.0  0.0005273972529937522  0.002550252598114176
250.0  0.0005227670218260366  0.0025255198842644502
260.0  0.0005250495140342726  0.002540030773456905
270.0  0.0005284070298820955  0.0025526831582253235
280.0  0.0005297958434019005  0.0025613293492707362
290.0  0.0005373864119294837  0.0025979350354930837
300.0  0.0005326061401755699  0.0025733650458566013
310.0  0.00052970737459129  0.0025636930789254067
320.0  0.0005360174509921963  0.002589503309408158
330.0  0.0005293194210474547  0.002558856020578442
340.0  0.0005236456196726484  0.002530120413357127
350.0  0.0005362704571531343  0.0025898948454070835
360.0  0.0005327752056049792  0.002575058659623398
370.0  0.0005263491110715337  0.002543888154118897
380.0  0.0005233283490632619  0.0025260775756297906
390.0  0.0005336511052420187  0.002579728637549141
400.0  0.0005437964522370588  0.002628199944443932
410.0  0.0005367278016692934  0.002591057892307678
420.0  0.0005390767910054199  0.002606073676915628
430.0  0.0005277746935587889  0.002549340957855563
440.0  0.0005294469657431339  0.002557406446829733
450.0  0.0005322055308710958  0.002571369340445027
460.0  0.0005391059479364044  0.002606232672154641
470.0  0.0005329513799702368  0.0025804326782536916
480.0  0.0005240075284797672  0.0025299510922436835
490.0  0.000539437103851089  0.0026058212517589587
500.0  0.000530532455419873  0.0025663657186535136
510.0  0.0005300996561697162  0.002561296140056325
520.0  0.0005379237887344919  0.0026016383219410813
530.0  0.000517277243847461  0.002503177385420423
540.0  0.0005367730432896304  0.0025942781490767572
550.0  0.0005255113870016593  0.002536271625401239
560.0  0.0005435993387228025  0.002631091846333942
570.0  0.00055097828236781  0.002663276529392709
580.0  0.0005481622926412131  0.002652300363538701
590.0  0.0005445612007947017  0.0026335521151674324
600.0  0.000531759899541476  0.00257180957965921
610.0  0.0005322856303405623  0.0025766557927705924
620.0  0.0005306692860438908  0.0025656255003971133
630.0  0.000539204641777932  0.002614781883357912
640.0  0.0005437595456746539  0.0026300293196966995
650.0  0.0005280938995547155  0.0025484924955811615
660.0  0.0005287971287941881  0.0025533713873694074
670.0  0.0005394949364615486  0.0026121066656312267
680.0  0.0005291332394042591  0.0025641091342890085
690.0  0.0005305406945289784  0.00256505575240276
700.0  0.000532357626399537  0.002579714835266778
710.0  0.0005395678460124454  0.002606904302732855
720.0  0.0005394279406845072  0.002612219286920127
730.0  0.0005352202145768003  0.0025909294384214043
740.0  0.0005170355865994083  0.0025017396214616753
750.0  0.000531219886926114  0.002570021729779004
760.0  0.0005412625352405469  0.002621916321646531
770.0  0.000526966866404156  0.002549281024632632
780.0  0.0005251702380016374  0.0025381553435776896
790.0  0.000530216551228043  0.002567173613124577
800.0  0.0005314241941762547  0.0025759470224111275
810.0  0.0005487696143829199  0.0026560898137795684
820.0  0.0005423710594490624  0.0026252400028007414
830.0  0.000526683826339469  0.0025454556339914794
840.0  0.0005381218998315486  0.0026056359512082353
850.0  0.0005210807438229281  0.002519054276499883
860.0  0.0005219719615314104  0.002525190759523545
870.0  0.0005299897532627814  0.002564732311734423
880.0  0.0005216692451132365  0.002524932677755039
890.0  0.0005252957939197949  0.0025382113984103957
900.0  0.0005427263299982297  0.002626283880646555
910.0  0.0005280754540470311  0.0025610525888838877
920.0  0.0005248469099426688  0.002539251152419362
930.0  0.000536883303498644  0.0025987157880572698
940.0  0.0005197174679080685  0.0025090386721956155
950.0  0.0005363356053947756  0.002599963506449151
960.0  0.0005424398889741849  0.0026265285786383217
970.0  0.0005369093864154385  0.0025939252212657956
980.0  0.0005161577673488868  0.002497047830794634
990.0  0.000548181974478897  0.0026499641417343104
1000.0  0.0005215655172812866  0.002520987261355253
1010.0  0.0005237620280796092  0.002535416166764963
1020.0  0.0005367984476419646  0.002599518133143191
1030.0  0.0005490188228735166  0.0026578592753422254
1040.0  0.0005207506657831031  0.0025225750380268135
1050.0  0.0005329138137252936  0.0025816449940830937
1060.0  0.0005390882417412022  0.0026077780136340256
1070.0  0.0005442479957968192  0.0026293640060988427
1080.0  0.0005188035975050001  0.0025070290220280235
1090.0  0.000529611160343301  0.0025599484886273008
1100.0  0.00052691146149786  0.0025491877453025094
1110.0  0.0005397594894344576  0.0026107111235089842
1120.0  0.0005428739243222554  0.002629409856701506
1130.0  0.0005411711419317283  0.0026208325294375676
1140.0  0.0005283310764530232  0.002553276663299688
1150.0  0.0005226578408861493  0.0025261322116534512
1160.0  0.0005258817796497628  0.0025443293549249533
1170.0  0.0005406960485411691  0.0026196797401186046
1180.0  0.0005297106555784621  0.0025707369705377397
1190.0  0.0005030216796489214  0.002437258879071204
1200.0  0.0005212712577616574  0.002522355014879332
1210.0  0.0005256723907121729  0.002545362194811727
1220.0  0.0005395767423967846  0.002608122416660535
1230.0  0.0005217489937642058  0.0025288566852255793
1240.0  0.0005211815781669787  0.002522388586964961
1250.0  0.000518664513086738  0.0025129641323777424
1260.0  0.0005177045540518433  0.0025072860331010766
1270.0  0.0005387382514254472  0.002612651846972076
1280.0  0.0005181905743964128  0.002515300014750162
1290.0  0.0005475457285574288  0.002645972517796881
1300.0  0.0005464245167376352  0.002642145331583054
1310.0  0.0005247386777247364  0.0025331103643031322
1320.0  0.0005234022749062388  0.002537044783824679
1330.0  0.000545851522861452  0.002641145722677198
1340.0  0.0005278545529152183  0.002557968681502983
1350.0  0.0005294843132892008  0.002560891441030265
1360.0  0.0005368909157394007  0.0026018394498027357
1370.0  0.0005439552311910194  0.002635465454782164
1380.0  0.0005338741168247843  0.002584303744739196
1390.0  0.0005187614031347953  0.002510581156424291
1400.0  0.0005387320435684647  0.00260536604897608
1410.0  0.0005354693910331599  0.0025942211449712397
1420.0  0.000538863894737529  0.0026078263582589474
1430.0  0.0005551177309468905  0.0026861670588214743
1440.0  0.000533836484581247  0.0025846925277234895
1450.0  0.0005308419794225765  0.002566580621508129
1460.0  0.0005161249742995027  0.002507124494164641
1470.0  0.0005185032530411382  0.0025205597243076437
1480.0  0.0005212284300856559  0.002521083934806224
1490.0  0.000545175736649843  0.002644723029436689
1500.0  0.0005363308879993478  0.0025955735661014325
1510.0  0.0005453085892898224  0.0026398008625004767
1520.0  0.0005426073494999646  0.0026285432448657463
1530.0  0.0005360986105856445  0.0025969751931591107
1540.0  0.0005547497453895576  0.002684871797272123
1550.0  0.0005337688186768097  0.002582431889552628
1560.0  0.0005339666687948527  0.002586092386770479
1570.0  0.0005250012971110742  0.0025352468055705427
1580.0  0.000513150372791652  0.002493415168715456
1590.0  0.0005238730346322946  0.002541165822528855
1600.0  0.0005241715407401938  0.0025390344561158993
1610.0  0.0005370966245992903  0.0025988591312714544
1620.0  0.0005354562599416411  0.0025860337983563855
1630.0  0.000521992211370077  0.0025315675652768095
1640.0  0.000531592425711802  0.0025716680453698373
1650.0  0.0005409110771821831  0.00262435027786031
1660.0  0.0005322969093086583  0.0025778841990633235
1670.0  0.0005300108466538818  0.0025613330573205145
1680.0  0.0005221265694807996  0.0025320594453448505
1690.0  0.000529355531966421  0.002560858097493968
1700.0  0.0005119272064029226  0.002479616039019226
1710.0  0.0005170685945995176  0.002505028592302782
1720.0  0.0005412910283356319  0.002622412400777795
1730.0  0.0005368342043268526  0.0025966476311952437
1740.0  0.0005057344043439452  0.0024530351720599103
1750.0  0.0005442988514457004  0.002634144060663278
1760.0  0.0005091221891067775  0.0024628022414029333
1770.0  0.0005236376811444794  0.002529668296677961
1780.0  0.0005387003285682843  0.0026081704200357804
1790.0  0.0005280587688935953  0.002556408306677006
1800.0  0.0005046944035746718  0.0024452311708652225
1810.0  0.0005532944614170911  0.002681016390287166
1820.0  0.0005207501836274  0.0025258252875090576
1830.0  0.0005228524894720851  0.0025332880624742006
1840.0  0.0005380504964081771  0.0026155434317516016
1850.0  0.0005087185515173337  0.0024658866768104684
1860.0  0.0005315298650059551  0.0025795442193101417
1870.0  0.0005230642734178789  0.0025371366948667125
1880.0  0.0005240948370429858  0.0025372566205431476
1890.0  0.0005144428206519936  0.002490150800442047
1900.0  0.0005293163885673244  0.0025589643764501384
1910.0  0.0005426730799091659  0.0026312490076437736
1920.0  0.0005277678936971008  0.002558059779103073
1930.0  0.000538447400013438  0.002611925484992938
1940.0  0.0005189252788814694  0.002516940605994643
1950.0  0.0005280158054815371  0.0025598966892146214
1960.0  0.0005273134017809763  0.002554420956914751
1970.0  0.0005069992025125865  0.0024566730982125713
1980.0  0.0005227445076407254  0.0025320775732721773
1990.0  0.0005586127889531317  0.002698003359363055
2000.0  0.0005509744884328818  0.0026652482725317253
2010.0  0.0005257919314837965  0.0025448857920942515
2020.0  0.0005244369545587413  0.0025431095003021565
2030.0  0.0005332266416640776  0.0025753226466224666
2040.0  0.0005319502164972648  0.002578701181255902
2050.0  0.0005547215053726596  0.002687592591601557
2060.0  0.0005296029718935819  0.002571140565881711
2070.0  0.0005337204156609779  0.0025856349524512284
2080.0  0.0005058310822222786  0.002443938651854851
2090.0  0.0005241256180383968  0.0025330846016895776
2100.0  0.0005138823527044209  0.002492009203513571
2110.0  0.0005231105815717732  0.002538451716549598
2120.0  0.0005221881339668512  0.002525946726926197
2130.0  0.000553629885638676  0.0026819397280344803
2140.0  0.0005342369054506294  0.0025874952384709153
2150.0  0.0005427037738182961  0.0026233051873527286
2160.0  0.0005611105462692647  0.002722697123932401
2170.0  0.0005116245918757437  0.002476463690324047
2180.0  0.0005430059893271067  0.0026286563742366244
2190.0  0.0005520959434006744  0.0026674492000569386
2200.0  0.0005377668336268178  0.0026058678187920034
2210.0  0.0005266868450909365  0.002544449648444404
2220.0  0.0005519531757564783  0.0026760395425107497
2230.0  0.0005331338708832427  0.002582755709833252
2240.0  0.000525566432309736  0.002550131790005572
2250.0  0.0005320631391233441  0.0025732708403212717
2260.0  0.0005277182643761035  0.002563335349938703
2270.0  0.0005585839718190252  0.0027058966576384595
2280.0  0.0005423223289507998  0.002618186195671102
2290.0  0.0005245333370410262  0.0025396974324532287
2300.0  0.0005302934759088743  0.002570385354590401
2310.0  0.0005272558570990382  0.002549528909648858
2320.0  0.0005283366246749159  0.0025575826252285812
2330.0  0.0005348888035052136  0.002589632830287725
2340.0  0.0005403806807554264  0.0026199700830714222
2350.0  0.0005318052773746545  0.002576106344482406
2360.0  0.0005217166712430015  0.0025241757413445314
2370.0  0.0005484082326185597  0.002664127578349327
2380.0  0.0005312406596211444  0.0025765295994941632
2390.0  0.0005222747641278407  0.0025321110350313464
2400.0  0.0005444338923090711  0.0026293316634663274
2410.0  0.0005352137137412708  0.0026015284176780637
2420.0  0.0005397679484785194  0.0026055937651332127
2430.0  0.0005300260308477617  0.002564675244146102
2440.0  0.0005381401866159513  0.0026063537161947615
2450.0  0.0005339390391181941  0.002577756632559531
2460.0  0.0005479616432863772  0.0026494201664078953
2470.0  0.0005100187684931893  0.002476746949307533
2480.0  0.0005587947022603377  0.0027042619193726985
2490.0  0.0005377552092086176  0.002606967945408305
2500.0  0.0005353229388955532  0.0025978201568908066
2510.0  0.0005234027786849958  0.002538207546990136
2520.0  0.0005757286318832687  0.0027845814610443945
2530.0  0.0005681564882656589  0.0027574005150584457
2540.0  0.000527272626776331  0.002556735017265926
2550.0  0.0005267241612512014  0.0025515188773390304
2560.0  0.0005586841531355307  0.0026935521838012204
2570.0  0.0005229049799164491  0.0025273669388904624
2580.0  0.0005619732440667112  0.0027237388926014865
2590.0  0.0005430214677290194  0.0026242673959975767
2600.0  0.0005548740779928896  0.0026834986062074418
2610.0  0.0005353661955818345  0.0025892416597764973
2620.0  0.0005575781034470185  0.0026972165706955057
2630.0  0.000520248367568345  0.002514470286541295
2640.0  0.0005393370574157652  0.002612446721676441
2650.0  0.0005571041558184271  0.0026989521470857083
2660.0  0.0005512398281319233  0.0026723904312834826
2670.0  0.0005684081350583236  0.002746930559057483
2680.0  0.0005268295483099373  0.0025618167763757273
2690.0  0.0005217771920350689  0.002528420398508899
2700.0  0.000548738853581018  0.002657815820051908
2710.0  0.0005262103049517261  0.002549831642987854
2720.0  0.0005652341736621304  0.002730899418218398
2730.0  0.0005360117517646993  0.0026048424748622164
2740.0  0.0005460009572531845  0.0026359372357925436
2750.0  0.0005438873123487022  0.002630977713340527
2760.0  0.0005218408260335278  0.002525686524226777
2770.0  0.0005541211145207786  0.002678467351280139
2780.0  0.0005345521545303994  0.00258057227367726
2790.0  0.0005563853856377876  0.0026982141391967604
2800.0  0.0005320925608276741  0.0025788644463398858
2810.0  0.0005426228528268652  0.002625490542699613
2820.0  0.0005574330469124828  0.002697209440540829
2830.0  0.000532137186883462  0.0025788378622712493
2840.0  0.0005368000727483422  0.002606494432961007
2850.0  0.0005514957524010455  0.0026731013999328835
2860.0  0.0005428917474982603  0.0026248363822690256
2870.0  0.0005944752133404214  0.0028856233442161026
2880.0  0.0005564854257462753  0.0026920804348130652
2890.0  0.0005430490182803629  0.00262907581376189
2900.0  0.0005614267026838873  0.0027161944294222837
2910.0  0.0005260175295888751  0.0025540566368453164
2920.0  0.0005774641275743626  0.002795285029531011
2930.0  0.0005201022052288119  0.00252028369956124
2940.0  0.0005373162014821855  0.0025958101586764713
2950.0  0.0005585435324955643  0.00272211095012704
2960.0  0.0005436628316807286  0.002631062600458411
2970.0  0.0005365157289886042  0.0025980406690581503
2980.0  0.0005420867286077356  0.002620326172774634
2990.0  0.0005415253821906002  0.0026238790102697343
3000.0  0.0005781519538130479  0.0027985315828069467
3010.0  0.000544403249041389  0.0026362781185821126
3020.0  0.0005537722107530399  0.002667805457304744
3030.0  0.0005381545464732168  0.002614209022535141
3040.0  0.0005341103324122387  0.002596866115132397
3050.0  0.0005457855018504595  0.002651406821193854
3060.0  0.0005535707185665709  0.002672487259789318
3070.0  0.0005471648273950594  0.00265051442601016
3080.0  0.0005699534711212615  0.002756423006496444
3090.0  0.0005734341865117987  0.002779163807495168
3100.0  0.0005338151714819932  0.0025775273620920933
3110.0  0.0005567116663221862  0.002694704866727965
3120.0  0.0005446542483911134  0.0026376901151554995
3130.0  0.0005599051622991177  0.002713615191481258
3140.0  0.0005486645768388171  0.0026498301814019912
3150.0  0.000544002290716563  0.0026270837621350466
3160.0  0.0005415772616912163  0.002616876601333785
3170.0  0.0005419532886362431  0.002629150019073215
3180.0  0.0005468149924542994  0.0026453883541966675
3190.0  0.0005708018077016178  0.002765878190912149
3200.0  0.00054701518363113  0.0026460916259269706
3210.0  0.0005655398185036385  0.0027375884082606098
3220.0  0.0005603497766994824  0.0027061273325920967
3230.0  0.0005695763224114694  0.0027502692518045413
3240.0  0.0005522260793270154  0.002664347811123445
3250.0  0.0005435145752375941  0.0026286280076099184
3260.0  0.0005304768787118222  0.0025556846478684645
3270.0  0.0005411338711673044  0.002621637311495952
3280.0  0.0005378303911940647  0.0026127635380130735
3290.0  0.0005649619121988541  0.0027240626054586253
3300.0  0.0005574434611053568  0.002702865756480925
3310.0  0.0005472360789610653  0.0026560298250307545
3320.0  0.0005372990002478007  0.0025997804401220637
3330.0  0.0005351473278876452  0.0025941215501235422
3340.0  0.0005586597249742921  0.0027054060157057384
3350.0  0.0005373765931554151  0.0026056953192282514
3360.0  0.0005415334840515808  0.0026215054619851763
3370.0  0.0005782892181037888  0.0027935742159126992
3380.0  0.0005332898601063425  0.002582575324913307
3390.0  0.0005751158857657384  0.0027893607409245503
3400.0  0.0005573904818260613  0.002707936753421574
3410.0  0.0005200399119137669  0.002515101182217303
3420.0  0.0005664188579179426  0.0027393822657546777
3430.0  0.0005436922364927729  0.0026416035806326238
3440.0  0.0005610674344713207  0.0027148821697021864
3450.0  0.000555939129585483  0.002685417222215283
3460.0  0.0005651072738546766  0.0027391603169177013
3470.0  0.0005574089758009422  0.0026982018537961582
3480.0  0.000508205234941133  0.0024667470276791073
3490.0  0.000534791022356768  0.0025930311855938666
3500.0  0.0005706215202809997  0.0027566415185726694
3510.0  0.0005573905035846953  0.0026961642563696985
3520.0  0.000555397938718292  0.0026821185764040714
3530.0  0.0005277338973857846  0.0025509160511378638
3540.0  0.0005532089959214467  0.002679724063822319
3550.0  0.0005646180916537693  0.002737751662601487
3560.0  0.0005625876938551543  0.002729836249011749
3570.0  0.0005710605160637947  0.0027672095170651325
3580.0  0.0005560715240614728  0.0026856243903040644
3590.0  0.000548489270658914  0.0026592260611238826
3600.0  0.000537601653200071  0.0026078604594283747
3610.0  0.0005206547909937207  0.002521874339721122
3620.0  0.0005374560279340122  0.002602327014177386
3630.0  0.0005421796996311547  0.0026258757665918557
3640.0  0.0005716275209438849  0.0027646236223290636
3650.0  0.0005376241636401764  0.0026100144772915872
3660.0  0.0005594006540091658  0.002704910765792118
3670.0  0.0005784084883218985  0.0028037645622371395
3680.0  0.000563393654150419  0.002737172003830462
3690.0  0.0005487113058036352  0.002671598241202789
3700.0  0.000575312551876419  0.0027795161741442924
3710.0  0.0005467695405342252  0.002643249967897958
3720.0  0.0005447471882860751  0.002642968330457967
3730.0  0.0005589840951335241  0.0027067463881552717
3740.0  0.0005326982135250906  0.0025705466514891933
3750.0  0.0005424080086914536  0.0026231868553672406
3760.0  0.0005570651717004581  0.00270198584130633
3770.0  0.000530193036042644  0.0025769229041633455
3780.0  0.0005290555650857461  0.0025717993716800856
3790.0  0.0005224573810257579  0.0025362055181387577
3800.0  0.0005611874456997213  0.002728683619743871
3810.0  0.0005549590213385327  0.0026945776116285534
3820.0  0.0005889547752870976  0.0028567549057873496
3830.0  0.0005772093933803657  0.002785044163571617
3840.0  0.0005519952846276973  0.0026805361885934146
3850.0  0.0005188883789280172  0.002519590841926498
3860.0  0.000542635878920377  0.002628997046384121
3870.0  0.0005854743902852807  0.0028337402939261932
3880.0  0.0005478427099018724  0.0026454867703145646
3890.0  0.0005203142333285489  0.002514525488649398
3900.0  0.0005559815940447052  0.00268693270372219
3910.0  0.0005504396162371405  0.0026657286479859297
3920.0  0.0005711344692599649  0.0027630762019394983
3930.0  0.0005318781550518736  0.002583053268108544
3940.0  0.0005451967422280497  0.0026430402462882304
3950.0  0.0005276628639571811  0.0025512841357386968
3960.0  0.000569282390101877  0.0027523752879893937
3970.0  0.0006007477262206884  0.0029081366949991055
3980.0  0.0005641666417325134  0.0027356518284587946
3990.0  0.0005470266175724828  0.0026459619763358486
4000.0  0.0005464267202937307  0.0026468091161094866
4010.0  0.0005920109604109361  0.0028663946476262035
4020.0  0.0005420697017315846  0.0026272694752581703
4030.0  0.000527958660010727  0.0025520625648833926
4040.0  0.0005633498049468486  0.002723994824629537
4050.0  0.0005647835095656871  0.002735055974364328
4060.0  0.0005628669584558184  0.0027261087688401544
4070.0  0.0005654492078178727  0.0027364175825732584
4080.0  0.0005520572616197554  0.0026712830668321665
4090.0  0.0005142108607150592  0.0024883362839362207
4100.0  0.0005173546616503598  0.0025003588766782125
4110.0  0.0005897423516500165  0.002859231371061078
4120.0  0.0005531021996995815  0.0026808625671099246
4130.0  0.0005498881904584748  0.002665836505505191
4140.0  0.0005544907160010126  0.002690144666292645
4150.0  0.0005737149361631433  0.0027830826378123347
4160.0  0.0005726486214900192  0.0027733835563447926
4170.0  0.0005580302080256745  0.002689920687899485
4180.0  0.000548298799040668  0.0026551007584893847
4190.0  0.000542307491953775  0.0026239851130052012
4200.0  0.0005388604841747232  0.0026121320630974306
4210.0  0.0005047978470054014  0.0024530416444163193
4220.0  0.0005554955717703934  0.0026872160444179395
4230.0  0.0005309920758550189  0.0025681721367221775
4240.0  0.0005523239107323245  0.002676290479695147
4250.0  0.0005419006134876384  0.0026223553755655646
4260.0  0.0005386226388432315  0.0026105715902770884
4270.0  0.0005615652022102158  0.0027152045325080296
4280.0  0.0005607488191787365  0.002706085724068265
4290.0  0.0005615135641835401  0.002726009321321308
4300.0  0.0005637663113083523  0.002738479655455671
4310.0  0.0005740804060691445  0.0027806755280348886
4320.0  0.0005758682603937766  0.0027900175730300866
4330.0  0.0005809380181643097  0.002813960166636152
4340.0  0.0005280701974678574  0.0025580222362735685
4350.0  0.000552443444865218  0.0026737034129409123
4360.0  0.0005809265079373511  0.002816457059044568
4370.0  0.0006025636904276326  0.002919318684118929
4380.0  0.0005248740201871259  0.0025450144942098765
4390.0  0.0005480678835750541  0.0026459910224216794
4400.0  0.0005181031366497762  0.002507911272982206
4410.0  0.0005754838305769015  0.0027927941254848624
4420.0  0.0005671361847922722  0.0027549864871658624
4430.0  0.000539037896724034  0.002607702749846331
4440.0  0.0005481674531371218  0.0026482979079251612
4450.0  0.0005777063800241808  0.002793452707639254
4460.0  0.0005448943363983905  0.002636756031018108
4470.0  0.0005464765136750174  0.00265489847366748
4480.0  0.0005178243811408238  0.0025130457632864486
4490.0  0.000563984841348176  0.0027345167881282642
4500.0  0.0005617409790056961  0.002712873676422528
4510.0  0.0005262725241902144  0.0025421959740273984
4520.0  0.0005009187663726208  0.0024338653549495245
4530.0  0.000559215374974044  0.002711567047285593
4540.0  0.0005391605668173924  0.002599568752228008
4550.0  0.0005547679406784315  0.0026842163881070527
4560.0  0.000508595437569475  0.0024584609238417084
4570.0  0.000548702342051672  0.0026606439968230597
4580.0  0.0005630688674391105  0.002726475315689262
4590.0  0.0005425130400419797  0.002618518793182517
4600.0  0.0005181338174299556  0.002500551910926941
4610.0  0.0005144069737043505  0.002487524638280103
4620.0  0.0005616625062717757  0.0027154641127653863
4630.0  0.0005294919691476012  0.0025581305049426346
4640.0  0.000549279866914511  0.0026544900381014116
4650.0  0.0005489891068846691  0.0026482708848006636
4660.0  0.0005506862913204497  0.0026616428267589804
4670.0  0.0005537057976519271  0.0026719482967839303
4680.0  0.0005140919611285624  0.0024954526552265644
4690.0  0.0005673504231849494  0.0027553858266400016
4700.0  0.0005554811207733289  0.0026960401250474817
4710.0  0.0005599404567805065  0.0027053305873847226
4720.0  0.0005374069544787673  0.0026025232148319728
4730.0  0.0004949566683320675  0.0023899100395775564
4740.0  0.0005340721509949178  0.002580449671977833
4750.0  0.0005659879910416459  0.0027467862509946016
4760.0  0.000566763698702738  0.0027519808166262547
4770.0  0.0005555777763533696  0.002688609874594407
4780.0  0.0005259121656731579  0.00254311493681889
4790.0  0.000543938505166906  0.002641262358154133
4800.0  0.000567417486046283  0.0027525002731313146
4810.0  0.0005484200200948614  0.0026541051228785697
4820.0  0.0005596922489072082  0.002709991146432097
4830.0  0.0005341143945197834  0.002589584609531456
4840.0  0.0005592744663241194  0.0027035584035357448
4850.0  0.000566145605568345  0.002730120353381932
4860.0  0.0005321242741743063  0.002572633166062092
4870.0  0.0005469612458058778  0.002647734365372208
4880.0  0.000553560275899176  0.002684488106315479
4890.0  0.0005809382265048096  0.002822819520442149
4900.0  0.0005863495216432408  0.002836668765606948
4910.0  0.0005805981582269637  0.002808860463666054
4920.0  0.0005563744582946862  0.0026893434785754612
4930.0  0.0005338587840486669  0.0025771342286891818
4940.0  0.0005664039605199694  0.0027391949756661745
4950.0  0.000550140151442377  0.0026698997899829153
4960.0  0.0005362713668260222  0.0025930036590482604
4970.0  0.0005440831950554861  0.002633206890024358
4980.0  0.000512693348672232  0.0024782813976476524
