    0    0    0
    0.0230664    0    0
    0.0461329    0    0
    0.0691993    0    0
    0.0922657    0    0
    0.115332    0    0
    0.138399    0    0
    0.161465    0    0
    0.184531    0    0
    0.207598    0    0
    0.230664    0    0
    0.253731    0    0
    0.276797    0    0
    0.299864    0    0
    0.32293    0    0
    0.345996    0    0
    0.369063    0    0
    0.392129    0    0
    0.415196    0    0
    0.438262    0    0
    0.461329    0    0
    0.484395    0    0
    0.507461    0    0
    0.530528    0    0
    0.553594    0    0
    0.576661    0    0
    0.599727    0    0
    0.622794    0    0
    0.64586    0    0
    0.668926    0    0
    0.691993    0    0
    0.715059    0    0
    0.738126    0    0
    0.761192    0    0
    0.784259    0    0
    0.807325    0    0
    0.830391    0    0
    0.853458    3.1048e-07    2.18431e-07
    0.876524    8.05627e-05    5.16367e-06
    0.899591    0.00339764    4.2982e-05
    0.922657    0.0474016    0.000150834
    0.945724    0.294045    0.000415271
    0.96879    1.0074    0.000909741
    0.991856    2.24117    0.00108464
    1.01492    3.62515    0.0011202
    1.03799    4.61819    0.00106655
    1.06106    4.89557    0.00138633
    1.08412    4.49248    0.00162015
    1.10719    3.65675    0.00134323
    1.13026    2.6933    0.00107129
    1.15332    1.81685    0.000563724
    1.17639    1.13053    0.000557598
    1.19945    0.653809    0.000576483
    1.22252    0.353454    0.000466738
    1.24559    0.180131    0.000403493
    1.26865    0.0890661    0.000279657
    1.29172    0.0494548    0.000217754
    1.31479    0.0421661    0.000210712
    1.33785    0.0606472    0.00022501
    1.36092    0.10574    0.000245237
    1.38399    0.183942    0.000304343
    1.40705    0.300753    0.000303699
    1.43012    0.453177    0.00028136
    1.45319    0.628159    0.000307985
    1.47625    0.797316    0.000450532
    1.49932    0.921763    0.000522771
    1.52238    0.970549    0.000613906
    1.54545    0.929396    0.00061588
    1.56852    0.808528    0.000426745
    1.59158    0.641125    0.000277827
    1.61465    0.465487    0.000249275
    1.63772    0.316826    0.000299275
    1.66078    0.219623    0.00034268
    1.68385    0.191986    0.000409417
    1.70692    0.255136    0.000498978
    1.72998    0.433911    0.000585805
    1.75305    0.749602    0.000652213
    1.77612    1.19782    0.0005506
    1.79918    1.72723    0.000419635
    1.82225    2.23457    0.000573545
    1.84531    2.59664    0.000927743
    1.86838    2.71428    0.00122098
    1.89145    2.55763    0.00112356
    1.91451    2.18032    0.000776477
    1.93758    1.69026    0.000419468
    1.96065    1.20065    0.000383224
    1.98371    0.801837    0.00052134
    2.00678    0.542805    0.000619736
    2.02985    0.434508    0.000594593
    2.05291    0.461501    0.000528223
    2.07598    0.586951    0.000381065
    2.09905    0.758221    0.000236716
    2.12211    0.917065    0.00025473
    2.14518    1.01421    0.000423647
    2.16824    1.02146    0.000478787
    2.19131    0.919249    0.000336645
    2.21438    0.780387    0.000239036
    2.23744    0.653826    0.000310099
    2.26051    0.571914    0.000468586
    2.28358    0.573122    0.000558224
