           1    -7.55561    -7.55561           0
           2    -7.54485    -7.55023  0.00538004
           3    -7.54895     -7.5498  0.00313535
           4    -7.55804    -7.55186   0.0030253
           5    -7.54838    -7.55116  0.00244453
           6    -7.55318     -7.5515  0.00202392
           7    -7.54425    -7.55046  0.00199956
           8    -7.54327    -7.54956  0.00195144
           9    -7.54845    -7.54944   0.0017255
          10    -7.54147    -7.54864  0.00173698
          11    -7.54324    -7.54815  0.00164619
          12    -7.55009    -7.54831  0.00151142
          13    -7.54923    -7.54838  0.00139209
          14    -7.54675    -7.54827  0.00129408
          15    -7.54359    -7.54796  0.00124441
          16    -7.53816    -7.54734   0.0013153
          17    -7.53954    -7.54688  0.00131799
          18    -7.54605    -7.54684  0.00124349
          19    -7.54493    -7.54674  0.00118051
          20    -7.53916    -7.54636   0.0011823
          21    -7.54422    -7.54626  0.00112918
          22    -7.54906    -7.54638  0.00108414
          23    -7.53725    -7.54599  0.00110939
          24    -7.54715    -7.54604  0.00106326
          25    -7.53854    -7.54574  0.00106296
          26     -7.5496    -7.54588  0.00103204
          27     -7.5431    -7.54578  0.00099842
          28     -7.5436     -7.5457 0.000965257
          29    -7.54462    -7.54567 0.000932127
          30    -7.54713    -7.54572 0.000901848
          31    -7.54321    -7.54563  0.00087602
          32    -7.55672    -7.54598 0.000916207
          33    -7.53976    -7.54579 0.000907819
          34    -7.54304    -7.54571 0.000884438
          35    -7.54215    -7.54561 0.000864785
          36    -7.55707    -7.54593 0.000898703
          37    -7.53786    -7.54571 0.000900861
          38    -7.54078    -7.54558 0.000886384
          39    -7.55306    -7.54577 0.000884416
          40    -7.55442    -7.54599 0.000888726
          41    -7.54701    -7.54601 0.000867134
          42    -7.54785    -7.54606 0.000847361
          43    -7.54314    -7.54599 0.000830201
          44    -7.53859    -7.54582 0.000828343
          45    -7.54244    -7.54575 0.000813196
          46    -7.55109    -7.54586 0.000803776
          47    -7.54729    -7.54589 0.000787073
          48    -7.55419    -7.54606 0.000789646
          49    -7.55371    -7.54622 0.000788954
          50    -7.54953    -7.54629 0.000775844
          51     -7.5507    -7.54637 0.000765383
          52     -7.5561    -7.54656 0.000773469
          53    -7.54328     -7.5465 0.000761262
          54    -7.54892    -7.54654 0.000748376
          55    -7.54733    -7.54656 0.000734784
          56    -7.53935    -7.54643 0.000732918
          57    -7.54125    -7.54634 0.000725665
          58     -7.5403    -7.54623 0.000720594
          59    -7.54051    -7.54614 0.000714888
          60    -7.53996    -7.54603 0.000710374
          61    -7.54453    -7.54601 0.000699066
          62    -7.55591    -7.54617 0.000706007
          63    -7.54356    -7.54613 0.000695945
          64     -7.5526    -7.54623 0.000692405
          65    -7.55241    -7.54632  0.00068828
          66    -7.54135    -7.54625 0.000681954
          67     -7.5495     -7.5463 0.000673452
          68    -7.54587    -7.54629 0.000663503
          69    -7.54949    -7.54634 0.000655461
          70    -7.53992    -7.54625 0.000652511
          71    -7.54787    -7.54627 0.000643662
          72    -7.55047    -7.54633 0.000637331
          73    -7.54031    -7.54624  0.00063392
          74    -7.54232    -7.54619 0.000627541
          75    -7.54238    -7.54614 0.000621196
          76    -7.54074    -7.54607  0.00061708
          77    -7.54353    -7.54604 0.000609903
          78    -7.55279    -7.54612 0.000608219
          79     -7.5444     -7.5461 0.000600867
          80    -7.54705    -7.54611 0.000593428
          81    -7.54582    -7.54611 0.000586068
          82    -7.54044    -7.54604 0.000582993
          83    -7.53993    -7.54597 0.000580614
          84    -7.54269    -7.54593 0.000574987
          85    -7.54956    -7.54597 0.000569788
          86    -7.55272    -7.54605  0.00056856
          87    -7.54936    -7.54609 0.000563275
          88    -7.55277    -7.54616 0.000561986
          89     -7.5444    -7.54614 0.000555988
          90    -7.54778    -7.54616 0.000550075
          91    -7.53957    -7.54609 0.000548791
          92    -7.54035    -7.54603 0.000546371
          93     -7.5426    -7.54599 0.000541722
          94    -7.55359    -7.54607 0.000541991
          95     -7.5427    -7.54603 0.000537426
          96    -7.54694    -7.54604 0.000531882
          97    -7.55145     -7.5461 0.000529307
          98    -7.53188    -7.54595 0.000543614
          99     -7.5539    -7.54604 0.000544041
         100    -7.54078    -7.54598  0.00054113
