           1     7.54263     7.54263           0
           2     7.60171     7.57217   0.0295414
           3     7.58083     7.57506   0.0172985
           4     7.52881      7.5635    0.016831
           5     7.58476     7.56775   0.0137135
           6     7.55599     7.56579   0.0113672
           7     7.60876     7.57193    0.011401
           8     7.61358     7.57713    0.011162
           9     7.58358     7.57785   0.0098699
          10     7.62125     7.58219  0.00983708
          11     7.61154     7.58486  0.00928951
          12     7.57496     7.58403  0.00852013
          13     7.58022     7.58374  0.00784286
          14     7.59378     7.58446   0.0072964
          15     7.61137     7.58625  0.00702557
          16     7.64061     7.58965  0.00739804
          17     7.63133      7.5921  0.00736905
          18     7.59634     7.59234   0.0069516
          19     7.60031     7.59276  0.00658892
          20      7.6341     7.59482  0.00658368
          21     7.60545     7.59533  0.00628273
          22     7.57779     7.59453  0.00604314
          23       7.646     7.59677  0.00619284
          24     7.58923     7.59646  0.00593751
          25     7.63751      7.5981  0.00592711
          26     7.57612     7.59725  0.00575701
          27     7.61157     7.59778  0.00556501
          28      7.6101     7.59822  0.00538058
          29     7.60463     7.59844  0.00519643
          30     7.59131     7.59821  0.00502585
          31     7.60994     7.59858  0.00487575
          32      7.5407     7.59678  0.00505561
          33     7.63147     7.59783  0.00501154
          34     7.61424     7.59831  0.00488582
          35     7.61778     7.59887  0.00477668
          36     7.53765     7.59717  0.00494372
          37     7.64284      7.5984   0.0049642
          38     7.62374     7.59907  0.00487761
          39     7.55738       7.598  0.00486963
          40     7.55114     7.59683  0.00488877
          41     7.59145      7.5967  0.00476984
          42     7.58604     7.59644   0.0046618
          43     7.61257     7.59682  0.00456753
          44     7.63719     7.59773  0.00455585
          45     7.61581     7.59814  0.00447155
          46     7.56566     7.59743  0.00442987
          47     7.58844     7.59724   0.0043388
          48     7.55109     7.59628   0.0043549
          49     7.55423     7.59542  0.00435058
          50      7.5793      7.5951  0.00427485
          51     7.57084     7.59462   0.0042171
          52     7.54086     7.59359  0.00426251
          53     7.61246     7.59394  0.00419645
          54     7.58163     7.59372  0.00412432
          55     7.58879     7.59363  0.00404962
          56     7.63184     7.59431  0.00403477
          57     7.62296     7.59481  0.00399511
          58     7.62631     7.59535    0.003963
          59     7.62727     7.59589  0.00393265
          60     7.63037     7.59647  0.00390902
          61     7.60503     7.59661  0.00384696
          62     7.54233     7.59573  0.00388436
          63     7.61228       7.596  0.00383122
          64      7.5605     7.59544  0.00381145
          65     7.56091     7.59491  0.00378978
          66     7.62083      7.5953  0.00375252
          67     7.57915     7.59506  0.00370395
          68     7.59637     7.59508  0.00364913
          69     7.57847     7.59484   0.0036039
          70     7.63093     7.59536  0.00358926
          71     7.58646     7.59523  0.00354057
          72     7.57229     7.59491  0.00350556
          73      7.6287     7.59538  0.00348804
          74     7.61582     7.59565  0.00345166
          75     7.61805     7.59595   0.0034184
          76     7.62799     7.59637  0.00339936
          77     7.60997     7.59655  0.00335956
          78     7.55609     7.59603  0.00335652
          79     7.60416     7.59613  0.00331536
          80     7.59147     7.59607  0.00327418
          81     7.59737     7.59609  0.00323354
          82     7.62764     7.59648  0.00321696
          83     7.62895     7.59687  0.00320196
          84      7.6141     7.59707  0.00317026
          85     7.57773     7.59684    0.003141
          86     7.55942     7.59641  0.00313461
          87     7.57664     7.59618  0.00310669
          88        7.56     7.59577  0.00309859
          89     7.60795     7.59591  0.00306663
          90     7.58801     7.59582  0.00303364
          91     7.63167     7.59621  0.00302587
          92     7.62774     7.59656  0.00301236
          93     7.61602     7.59677  0.00298713
          94     7.55362     7.59631  0.00299061
          95     7.61658     7.59652  0.00296665
          96      7.5887     7.59644  0.00293671
          97     7.56512     7.59612  0.00292415
          98     7.67477     7.59692   0.0030034
          99     7.55367     7.59648  0.00300483
         100     7.62763     7.59679   0.0029909
