1.93012
1.92597
1.92327
1.92232
1.92282
1.92414
1.9256
1.92682
1.92775
1.92865
1.92991
1.9319
1.93485
1.93882
1.94373
1.94935
1.9554
1.96158
1.96762
1.9733
1.97845
1.98296
1.98675
1.98978
1.99205
1.99355
1.99429
1.99427
1.99351
1.99201
1.98978
1.98684
1.98326
1.97913
1.97462
1.97003
1.96575
1.96225
1.96001
1.95931
1.96017
1.96223
1.96485
1.9672
1.9685
1.96812
1.96572
1.96134
1.95541
1.94876
1.94233
1.93692
1.93285
1.92996
1.92787
1.92642
1.9258
1.92647
1.92872
1.93229
1.93629
1.93952
1.94096
1.94021
1.9376
1.93407
1.93083
1.92897
1.92912
1.93139
1.93544
1.94063
1.94624
1.95164
1.95634
1.96007
1.96273
1.96436
1.96508
1.96503
1.96436
1.9632
1.96166
1.95979
1.95763
1.95519
1.95246
1.94946
1.94624
1.94292
1.93972
1.93691
1.93476
1.93349
1.93314
1.93358
1.93455
1.93568
1.93663
1.93709
1.93686
1.93578
1.93378
1.93076
1.92667
1.92144
1.91502
1.90744
1.89889
1.88982
1.88094
1.87322
1.86759
1.86464
1.86432
1.86604
1.8689
1.87204
1.87484
1.87699
1.87841
1.87916
1.87937
1.87917
1.8787
1.87805
1.87728
1.87644
1.87554
1.87457
1.87349
1.87228
1.8709
1.86934
1.86759
1.86568
1.86367
1.86161
1.85958
1.85764
1.85585
1.85423
1.85277
1.85148
1.85031
1.84927
1.84835
1.84755
1.84689
1.84638
1.84604
1.84586
1.8458
1.84582
1.84583
1.84579
1.84562
1.8453
1.8448
1.84414
1.84334
1.84245
1.84152
1.8406
1.83975
1.83904
1.83854
1.83832
1.83843
1.83893
1.83984
1.84112
1.84272
1.84456
1.84653
1.84855
1.85052
1.85238
1.8541
1.85565
1.85702
1.85821
1.85919
1.85995
1.86045
1.86065
1.86051
1.85996
1.85898
1.85754
1.85566
1.85341
1.85093
1.8484
1.84603
1.84404
1.84259
1.84174
1.84146
1.84161
1.84202
1.84255
1.84311
1.84369
1.84436
1.8452
1.84626
1.84751
1.84887
1.85018
1.85127
1.85197
1.8522
1.85193
1.85126
1.85038
1.8496
1.84926
1.84967
1.85103
1.85335
1.85646
1.86007
1.86377
1.86716
1.86985
1.8715
1.87178
1.87043
1.86726
1.86224
1.85561
1.84797
1.84026
1.83361
1.82896
1.82684
1.8272
1.82971
1.83391
1.83938
1.84568
1.85231
1.85876
1.86462
1.86958
1.8735
1.87636
1.87821
1.87912
1.87916
1.87837
1.87674
1.87424
1.8708
1.86634
1.86077
1.85409
1.84641
1.83803
1.8295
1.82155
1.81506
1.8108
1.80926
1.81055
1.81437
1.82018
1.8273
1.83505
1.84285
1.85021
1.85675
1.86222
1.86645
1.86931
1.87072
1.87059
1.86881
1.8653
1.86011
1.85356
1.84648
1.84025
1.83662
1.83692
1.84144
1.84921
1.85851
1.86772
1.87572
1.88202
1.88655
1.88944
1.89084
1.89088
1.88959
1.88696
1.88295
1.87762
1.87118
1.86416
1.85733
1.85164
1.84792
1.84661
1.84767
1.85071
1.85517
1.8605
1.86629
1.87219
1.87794
1.88338
1.88844
1.89309
1.89735
1.90122
1.90465
1.90754
1.90974
1.9111
1.9115
1.91087
1.90927
1.9069
1.9041
1.90129
1.8989
1.89726
1.89653
1.8967
1.89765
1.89918
1.90114
1.90342
1.906
1.90891
1.91216
1.9157
1.9194
1.92308
1.92657
1.92975
1.93255
1.93499
1.93708
1.93881
1.94015
1.94104
1.94142
1.94126
1.94061
1.93961
1.9385
1.93758
1.93714
1.93738
1.93835
1.93996
1.94194
1.94389
1.94537
1.94593
1.94522
1.94301
1.93932
1.93444
1.92901
1.9239
1.92006
1.91823
1.91872
1.92134
1.92551
1.9305
1.93564
1.94043
1.94456
1.94788
1.95038
1.95207
1.95302
1.95333
1.95308
1.95234
1.95116
1.94957
1.94752
1.94491
1.9416
1.9374
1.93216
1.92577
1.91825
1.90975
1.90048
1.89067
1.88046
1.86985
1.85879
1.84744
1.83642
1.827
1.82091
1.81967
1.82386
1.83283
1.84504
1.85869
1.87227
1.88475
1.89555
1.90443
1.91137
1.91649
1.91997
1.92202
1.92286
1.92271
1.92179
1.92027
1.91835
1.91618
1.9139
1.91165
1.9095
1.90753
1.90576
1.90423
1.90293
1.90187
1.90104
1.90042
1.89997
1.89962
1.8993
1.89891
1.89833
1.89746
1.89621
1.89452
1.89238
1.88982
1.88691
1.88378
1.88058
1.87746
1.87454
1.87191
1.86959
1.86757
1.86586
1.86446
1.86342
1.86282
1.86274
1.86322
1.86423
1.86569
1.86747
1.86944
1.87146
1.87343
1.87526
1.87694
1.87845
1.87981
1.88104
1.88219
1.8833
1.88443
1.88562
1.88693
1.88836
1.88993
1.8916
1.8933
1.89496
1.89643
1.89759
1.89827
1.89831
1.89754
1.89582
1.89304
1.88913
1.88409
1.87797
1.87092
1.86322
1.8554
1.84831
1.84315
1.84113
1.84297
1.8485
1.85671
1.86618
1.87554
1.88374
1.89012
1.89438
1.89646
1.89647
1.89463
1.89121
1.88655
1.88105
1.87518
1.86943
1.86424
1.85986
1.85629
1.85323
1.85017
1.84654
1.84207
1.83699
1.83222
1.82918
1.82913
1.83252
1.83873
1.84646
1.85442
1.86175
1.86809
1.87347
1.87808
1.88215
1.88586
1.88931
1.89255
1.89558
1.89836
1.90088
1.90309
1.90496
1.90648
1.90764
1.90845
1.90892
1.90908
1.90897
1.90865
1.90815
1.90754
1.90686
1.90614
1.90537
1.90455
1.90364
1.90256
1.90123
1.89953
1.89733
1.89451
1.89101
1.8869
1.88243
1.87805
1.87438
1.872
1.87129
1.8723
1.8748
1.87839
1.88268
1.88732
1.89207
1.89671
1.90109
1.90508
1.9086
1.91161
1.91407
1.91599
1.91736
1.91823
1.91863
1.91865
1.91837
1.91787
1.91722
1.91645
1.91552
1.91435
1.91283
1.91084
1.90828
1.90511
1.90135
1.89714
1.89274
1.88858
1.8852
1.88315
1.88283
1.88435
1.88753
1.89196
1.89716
1.9027
1.90824
1.91353
1.91837
1.92261
1.92608
1.92861
1.93002
1.93005
1.92841
1.92469
1.91849
1.90964
1.89853
1.88672
1.87692
1.87215
1.87383
1.8807
1.88958
1.89729
1.90191
1.90299
1.90102
1.89709
1.89241
1.88808
1.88489
1.88322
1.88306
1.88417
1.88616
1.88863
1.8912
1.89356
1.89552
1.89704
1.89823
1.8993
1.90047
1.90191
1.90369
1.90572
1.90784
1.90984
1.91155
1.91281
1.91357
1.91382
1.91362
1.91309
1.91238
1.91169
1.9112
1.91106
1.91131
1.91182
1.91232
1.9124
1.91151
1.90912
1.90483
1.89862
1.89109
1.88366
1.87832
1.87682
1.87975
1.8862
1.89435
1.90247
1.90941
1.91475
1.91853
1.92098
1.92239
1.92298
1.92292
1.92233
1.92126
1.91976
1.91791
1.9158
1.91357
1.91143
1.90963
1.90842
1.90803
1.90858
1.91008
1.91241
1.91534
1.91858
1.92183
1.92481
1.92728
1.92906
1.93001
1.93007
1.92924
1.92758
1.92527
1.92254
1.9197
1.91708
1.91489
1.91321
1.91187
1.9105
1.90858
1.90561
1.9012
1.89522
1.88792
1.87995
1.87242
1.86678
1.86469
1.86744
1.87534
1.8873
1.90127
1.91511
1.92728
1.93707
1.94441
1.94956
1.95293
1.95491
1.95584
1.956
1.95561
1.95484
1.95381
1.95263
1.95138
1.95012
1.94889
1.94776
1.94677
1.94597
1.9454
1.94512
1.94515
1.94549
1.94611
1.94692
1.9478
1.94854
1.94892
1.94865
1.94746
1.94503
1.94115
1.9357
1.92874
1.92067
1.9122
1.90433
1.89818
1.89472
1.89447
1.89742
1.90304
1.91043
1.91854
1.92637
1.93315
1.93839
1.94195
1.94389
1.94447
1.94401
1.94283
1.94127
1.93967
1.93836
1.93768
1.93788
1.93903
1.94101
1.94354
1.94626
1.94888
1.95127
1.95355
1.956
1.95897
1.96265
1.96703
1.97182
1.97662
1.98096
1.98453
1.98716
1.98883
1.98968
1.98988
1.98964
1.98907
1.98822
1.98702
1.98532
1.98297
1.97994
1.97641
1.97282
1.96986
1.96819
1.96827
1.97014
1.9734
1.97747
1.98175
1.98582
1.98945
1.9926
1.99527
1.99751
1.99935
2.00076
2.00168
2.00201
2.00161
2.00037
1.99821
1.9951
1.99109
1.98635
1.98111
1.9757
1.97042
1.96551
1.96106
1.95696
1.95289
1.94833
1.94274
1.9357
1.92716
1.91767
1.90846
1.9012
1.89747
1.89814
1.90295
1.91077
1.92008
1.92954
1.9383
1.94599
1.9526
1.95828
1.96323
1.96764
1.97162
1.97524
1.9785
1.98136
1.98378
1.98572
1.98715
1.98807
1.98844
1.98827
1.98754
1.98621
1.98427
1.98171
1.97857
1.97498
1.97114
1.96737
1.96408
1.96164
1.96029
1.96007
1.96081
1.96212
1.96357
1.96475
1.96538
1.96528
1.96439
1.96277
1.96052
1.95776
1.95459
1.95099
1.94681
1.94168
1.93511
1.92655
1.91567
1.90269
1.88871
1.87571
1.86606
1.86165
1.8631
1.86977
1.88013
1.89233
1.9046
1.91555
1.9243
1.93046
1.93412
1.93556
1.93512
1.93298
1.92913
1.92353
1.91651
1.9091
1.90313
1.9006
1.90252
1.90827
1.91593
1.92339
1.92919
1.93273
1.93403
1.93344
1.93144
1.92848
1.92494
1.92115
1.91737
1.91379
1.91056
1.90777
1.90546
1.90369
1.9025
1.90195
1.9021
1.90303
1.90475
1.90724
1.91039
1.91404
1.918
1.92205
1.92602
1.92976
1.93319
1.93622
1.93884
1.94102
1.94277
1.94411
1.94506
1.94566
1.94594
1.94598
1.94583
1.94558
1.9453
1.94504
1.94483
1.94463
1.94441
1.94407
1.94355
1.94284
1.94198
1.94111
1.94042
1.94008
1.94015
1.94054
1.94098
1.9411
1.94053
1.93902
1.93652
1.93314
1.92916
1.92496
1.92094
1.9175
1.91502
1.91386
1.91429
1.91647
1.92037
1.92575
1.9322
1.93926
1.94645
1.95339
1.95975
1.96531
1.96988
1.97328
