-0.463115
-0.458956
-0.456266
-0.455308
-0.455806
-0.457117
-0.458591
-0.4598
-0.46073
-0.461631
-0.462893
-0.464887
-0.467832
-0.471807
-0.476706
-0.48232
-0.48836
-0.494534
-0.500566
-0.506248
-0.511397
-0.515911
-0.519693
-0.522738
-0.525008
-0.526512
-0.52726
-0.527245
-0.52648
-0.524972
-0.522741
-0.519794
-0.516208
-0.512075
-0.50757
-0.502978
-0.498698
-0.495206
-0.492949
-0.492256
-0.493109
-0.495186
-0.497796
-0.500151
-0.501447
-0.501062
-0.498675
-0.494294
-0.488366
-0.481713
-0.475289
-0.469877
-0.465808
-0.462907
-0.460824
-0.459366
-0.458749
-0.459409
-0.461668
-0.465242
-0.469245
-0.472475
-0.473921
-0.473164
-0.470548
-0.467008
-0.463777
-0.461905
-0.462057
-0.464328
-0.468372
-0.473561
-0.479176
-0.484575
-0.489271
-0.493003
-0.495657
-0.49729
-0.498001
-0.497958
-0.497279
-0.496122
-0.494584
-0.492717
-0.490559
-0.488125
-0.485401
-0.482402
-0.479176
-0.475845
-0.472635
-0.469834
-0.467694
-0.466419
-0.466068
-0.46652
-0.467486
-0.468623
-0.469558
-0.470015
-0.469781
-0.468708
-0.466697
-0.463677
-0.459601
-0.454365
-0.447931
-0.440356
-0.431808
-0.422723
-0.413844
-0.406119
-0.400495
-0.397533
-0.39721
-0.398931
-0.401793
-0.404931
-0.407726
-0.409873
-0.411296
-0.412049
-0.412264
-0.412064
-0.411599
-0.410941
-0.410179
-0.409345
-0.408456
-0.407473
-0.406403
-0.405191
-0.403822
-0.402271
-0.400527
-0.398615
-0.396594
-0.39453
-0.392501
-0.390567
-0.388777
-0.387153
-0.385702
-0.38441
-0.38325
-0.382209
-0.381281
-0.380475
-0.379808
-0.379293
-0.378955
-0.378775
-0.378719
-0.378732
-0.378746
-0.378697
-0.378533
-0.378209
-0.37772
-0.377057
-0.376259
-0.375379
-0.374448
-0.373528
-0.372687
-0.371981
-0.371477
-0.371248
-0.371363
-0.371862
-0.372761
-0.374044
-0.375648
-0.377479
-0.379457
-0.38147
-0.383443
-0.385303
-0.387027
-0.388585
-0.389959
-0.39115
-0.392134
-0.392889
-0.393394
-0.393602
-0.39345
-0.392905
-0.391911
-0.390465
-0.388587
-0.38635
-0.38387
-0.381332
-0.378969
-0.376986
-0.375533
-0.374682
-0.374397
-0.374547
-0.374961
-0.375483
-0.376046
-0.376632
-0.377305
-0.378145
-0.379201
-0.380462
-0.381821
-0.383133
-0.384221
-0.384933
-0.38516
-0.384888
-0.384207
-0.383339
-0.382555
-0.382217
-0.382621
-0.383981
-0.386292
-0.389413
-0.393012
-0.396713
-0.400099
-0.402797
-0.404446
-0.404728
-0.403369
-0.400197
-0.395179
-0.388548
-0.380903
-0.373195
-0.366541
-0.361901
-0.359773
-0.360141
-0.362654
-0.366855
-0.37232
-0.378614
-0.385244
-0.391696
-0.397545
-0.4025
-0.406418
-0.409287
-0.411127
-0.412037
-0.412078
-0.411291
-0.409663
-0.40717
-0.403729
-0.399263
-0.39371
-0.387026
-0.379339
-0.370962
-0.362421
-0.354482
-0.347988
-0.343726
-0.342191
-0.343473
-0.347294
-0.353107
-0.360219
-0.367967
-0.375766
-0.383125
-0.389667
-0.395138
-0.399368
-0.402233
-0.403643
-0.40351
-0.40174
-0.398236
-0.39305
-0.386496
-0.379403
-0.373181
-0.369537
-0.369838
-0.374368
-0.382139
-0.39144
-0.400638
-0.408632
-0.414936
-0.419469
-0.422349
-0.423752
-0.423783
-0.422502
-0.419868
-0.415852
-0.410516
-0.404083
-0.397059
-0.390227
-0.38454
-0.380812
-0.379503
-0.380578
-0.383619
-0.388072
-0.393412
-0.39919
-0.405096
-0.410835
-0.416267
-0.421324
-0.425984
-0.430234
-0.434097
-0.437531
-0.440427
-0.442629
-0.44398
-0.444377
-0.443745
-0.442147
-0.439777
-0.436969
-0.434169
-0.431774
-0.430137
-0.429407
-0.429583
-0.430527
-0.432065
-0.434013
-0.436293
-0.438876
-0.441786
-0.445033
-0.448581
-0.452283
-0.455963
-0.459441
-0.462615
-0.465417
-0.467847
-0.469933
-0.471669
-0.473016
-0.473912
-0.474296
-0.474129
-0.473476
-0.472475
-0.47137
-0.470456
-0.470014
-0.470251
-0.471231
-0.472838
-0.474811
-0.476762
-0.478235
-0.478801
-0.478084
-0.475889
-0.472189
-0.467313
-0.461894
-0.456786
-0.452945
-0.451107
-0.451602
-0.454228
-0.4584
-0.463403
-0.468544
-0.473324
-0.477452
-0.48078
-0.483278
-0.48497
-0.485919
-0.486226
-0.485972
-0.485232
-0.48406
-0.482478
-0.480426
-0.47782
-0.474507
-0.470308
-0.465062
-0.458675
-0.451172
-0.442662
-0.433394
-0.423589
-0.413379
-0.402772
-0.391699
-0.380348
-0.369322
-0.359902
-0.353816
-0.352562
-0.35675
-0.365723
-0.377927
-0.391579
-0.405153
-0.41764
-0.428436
-0.437314
-0.444263
-0.449383
-0.452852
-0.454893
-0.455738
-0.455588
-0.454656
-0.453137
-0.451229
-0.449053
-0.446776
-0.444522
-0.442373
-0.440409
-0.438643
-0.437103
-0.435804
-0.434759
-0.433918
-0.433293
-0.432839
-0.432488
-0.432168
-0.431771
-0.431193
-0.430327
-0.429077
-0.427388
-0.425251
-0.42268
-0.419783
-0.416657
-0.413466
-0.410336
-0.407427
-0.404793
-0.402467
-0.400453
-0.398737
-0.397339
-0.396297
-0.395702
-0.39562
-0.396096
-0.3971
-0.39856
-0.400345
-0.402309
-0.404328
-0.406292
-0.408117
-0.409795
-0.411308
-0.412662
-0.413896
-0.415038
-0.416142
-0.41727
-0.418467
-0.419773
-0.421203
-0.422767
-0.424435
-0.42613
-0.427786
-0.429257
-0.430412
-0.431091
-0.431134
-0.430371
-0.428661
-0.425876
-0.421973
-0.416922
-0.410797
-0.403754
-0.396049
-0.388213
-0.381123
-0.375967
-0.373936
-0.37577
-0.381305
-0.389519
-0.398997
-0.40836
-0.416553
-0.422933
-0.427195
-0.429287
-0.429299
-0.427467
-0.424046
-0.419383
-0.413878
-0.408002
-0.402252
-0.397066
-0.392682
-0.389114
-0.386054
-0.382993
-0.379368
-0.374896
-0.369818
-0.365053
-0.362008
-0.361957
-0.365345
-0.371558
-0.379294
-0.38726
-0.394583
-0.40092
-0.406304
-0.410924
-0.414999
-0.418707
-0.422145
-0.425379
-0.428405
-0.4312
-0.433723
-0.435929
-0.437797
-0.43932
-0.440473
-0.44127
-0.441739
-0.441896
-0.441791
-0.441458
-0.440965
-0.440347
-0.43967
-0.438944
-0.438179
-0.43737
-0.436451
-0.435366
-0.434045
-0.432348
-0.430152
-0.427326
-0.423831
-0.419719
-0.415244
-0.410854
-0.407178
-0.404797
-0.404088
-0.405097
-0.407594
-0.411187
-0.415482
-0.42013
-0.424875
-0.429515
-0.433895
-0.437891
-0.441414
-0.444414
-0.446891
-0.44881
-0.450177
-0.45104
-0.451437
-0.451457
-0.45118
-0.450685
-0.450043
-0.449269
-0.448334
-0.447159
-0.445644
-0.443658
-0.4411
-0.437936
-0.434173
-0.429955
-0.42556
-0.421409
-0.418032
-0.41598
-0.415658
-0.417181
-0.420364
-0.424803
-0.430002
-0.435549
-0.441089
-0.446373
-0.451215
-0.45544
-0.458908
-0.461437
-0.46284
-0.462872
-0.461213
-0.457493
-0.451296
-0.442443
-0.431337
-0.419521
-0.409726
-0.404949
-0.406631
-0.413505
-0.422374
-0.430084
-0.434711
-0.435788
-0.433824
-0.429899
-0.425215
-0.420896
-0.417709
-0.416043
-0.41589
-0.417
-0.418989
-0.421463
-0.424041
-0.426396
-0.42836
-0.429883
-0.431077
-0.43215
-0.433316
-0.434754
-0.436519
-0.438545
-0.440669
-0.442682
-0.444383
-0.445652
-0.446409
-0.446664
-0.446461
-0.445927
-0.445217
-0.444526
-0.444039
-0.443898
-0.444138
-0.444653
-0.445162
-0.445245
-0.444367
-0.441971
-0.437686
-0.431477
-0.423945
-0.416517
-0.41117
-0.409664
-0.412601
-0.41905
-0.427205
-0.435329
-0.442281
-0.447625
-0.451401
-0.453849
-0.455253
-0.455841
-0.455784
-0.45518
-0.45411
-0.452609
-0.450757
-0.448644
-0.446413
-0.444271
-0.442467
-0.441248
-0.440858
-0.441406
-0.442904
-0.445227
-0.44815
-0.45139
-0.454645
-0.457619
-0.460086
-0.46187
-0.462822
-0.462884
-0.462055
-0.460396
-0.458084
-0.455356
-0.452522
-0.449878
-0.447698
-0.446007
-0.444672
-0.443306
-0.441389
-0.438415
-0.434001
-0.428027
-0.420725
-0.412757
-0.405216
-0.399585
-0.397487
-0.400242
-0.408139
-0.420102
-0.434094
-0.447921
-0.460101
-0.46989
-0.477223
-0.482377
-0.485754
-0.487735
-0.488663
-0.488826
-0.488426
-0.487659
-0.48663
-0.485461
-0.484209
-0.482957
-0.481732
-0.480597
-0.479606
-0.478805
-0.478239
-0.477945
-0.477968
-0.478309
-0.478933
-0.479744
-0.480622
-0.481369
-0.481747
-0.481484
-0.480292
-0.477863
-0.473978
-0.468522
-0.461562
-0.453488
-0.445021
-0.437161
-0.431022
-0.42756
-0.427309
-0.430267
-0.435888
-0.443278
-0.451388
-0.459213
-0.465992
-0.471236
-0.4748
-0.476747
-0.47733
-0.476862
-0.475685
-0.474125
-0.472523
-0.471235
-0.470559
-0.470756
-0.471896
-0.473879
-0.47641
-0.479127
-0.48174
-0.484141
-0.486422
-0.488871
-0.491834
-0.495513
-0.499889
-0.504683
-0.509473
-0.513839
-0.517403
-0.520024
-0.521712
-0.522564
-0.522753
-0.522511
-0.521943
-0.521095
-0.519893
-0.51819
-0.515838
-0.512809
-0.509279
-0.5057
-0.502732
-0.50107
-0.501155
-0.503021
-0.506279
-0.510347
-0.51463
-0.518697
-0.522336
-0.525474
-0.528158
-0.530403
-0.532242
-0.533654
-0.534577
-0.534898
-0.534501
-0.533258
-0.531104
-0.527988
-0.52399
-0.519242
-0.514011
-0.508594
-0.503313
-0.498405
-0.493959
-0.489867
-0.485787
-0.481234
-0.475634
-0.46859
-0.460051
-0.450553
-0.441342
-0.434081
-0.430358
-0.431019
-0.435838
-0.443661
-0.452966
-0.462417
-0.47118
-0.478874
-0.485477
-0.491149
-0.496098
-0.500503
-0.504489
-0.508114
-0.511381
-0.514234
-0.516662
-0.518606
-0.520045
-0.520953
-0.521334
-0.521171
-0.520443
-0.519112
-0.517162
-0.514603
-0.511474
-0.507878
-0.504045
-0.500276
-0.496988
-0.494544
-0.493195
-0.492981
-0.493707
-0.495013
-0.496462
-0.49765
-0.498276
-0.498175
-0.497298
-0.495673
-0.493422
-0.490664
-0.487499
-0.483901
-0.479718
-0.474597
-0.468029
-0.45947
-0.448594
-0.435615
-0.421624
-0.408623
-0.398989
-0.394565
-0.39603
-0.402704
-0.413059
-0.425266
-0.437538
-0.448498
-0.457234
-0.463407
-0.467056
-0.468507
-0.468066
-0.465927
-0.462072
-0.456477
-0.449456
-0.442031
-0.436064
-0.433532
-0.435463
-0.441209
-0.448872
-0.456331
-0.462135
-0.465662
-0.46696
-0.466386
-0.464388
-0.461424
-0.457882
-0.454095
-0.450317
-0.446752
-0.44352
-0.440724
-0.438431
-0.436658
-0.435467
-0.434909
-0.435061
-0.435981
-0.437706
-0.440196
-0.443343
-0.447006
-0.450969
-0.455024
-0.458993
-0.462745
-0.466163
-0.469206
-0.471836
-0.474012
-0.475768
-0.477122
-0.47806
-0.478656
-0.478945
-0.478983
-0.478838
-0.478606
-0.47833
-0.478059
-0.477849
-0.477652
-0.477423
-0.477082
-0.476579
-0.475867
-0.475012
-0.474146
-0.473453
-0.473126
-0.473206
-0.473598
-0.474044
-0.474164
-0.473595
-0.472089
-0.46959
-0.466212
-0.46224
-0.458051
-0.454039
-0.450604
-0.448127
-0.446955
-0.44739
-0.449574
-0.453472
-0.458848
-0.46531
-0.472371
-0.479554
-0.486485
-0.492843
-0.498408
-0.502977
-0.506377
