1.46701
1.46701
1.46701
1.46701
1.46702
1.46702
1.46701
1.46702
1.46702
1.46702
1.46702
1.46701
1.46701
1.46702
1.46703
1.46703
1.46704
1.46704
1.46705
1.46705
1.46705
1.46705
1.46705
1.46704
1.46704
1.46704
1.46703
1.46703
1.46703
1.46703
1.46703
1.46705
1.46705
1.46705
1.46705
1.46706
1.46705
1.46705
1.46706
1.46705
1.46706
1.46705
1.46705
1.46705
1.46705
1.46705
1.46704
1.46704
1.46705
1.46704
1.46704
1.46704
1.46704
1.46705
1.46705
1.46705
1.46705
1.46706
1.46705
1.46705
1.46705
1.46705
1.46704
1.46705
1.46705
1.46706
1.46706
1.46706
1.46706
1.46706
1.46706
1.46706
1.46707
1.46707
1.46707
1.46707
1.46708
1.46707
1.46708
1.46707
1.46708
1.46708
1.46707
1.46707
1.46707
1.46707
1.46706
1.46706
1.46706
1.46707
1.46708
1.46707
1.46707
1.46707
1.46707
1.46706
1.46707
1.46706
1.46707
1.46707
1.46707
1.46707
1.46708
1.46709
1.46707
1.46707
1.46709
1.46708
1.46709
1.46709
1.4671
1.4671
1.4671
1.4671
1.46711
1.46711
1.46711
1.4671
1.46711
1.46712
1.46711
1.46711
1.46711
1.46711
1.4671
1.46711
1.4671
1.4671
1.46709
1.46709
1.46709
1.46709
1.46708
1.46707
1.46706
1.46707
1.46707
1.46708
1.46708
1.46707
1.46707
1.46707
1.46707
1.46707
1.46707
1.46707
1.46707
1.46707
1.46708
1.46709
1.46709
1.46709
1.46708
1.46708
1.46709
1.46709
1.46709
1.46709
1.46708
1.46708
1.46708
1.46707
1.46707
1.46707
1.46707
1.46706
1.46707
1.46707
1.46707
1.46707
1.46707
1.46707
1.46707
1.46708
1.46707
1.46707
1.46707
1.46708
1.46707
1.46707
1.46706
1.46706
1.46705
1.46706
1.46705
1.46705
1.46706
1.46706
1.46706
1.46707
1.46707
1.46706
1.46706
1.46707
1.46706
1.46706
1.46706
1.46706
1.46706
1.46706
1.46706
1.46707
1.46706
1.46706
1.46706
1.46706
1.46706
1.46705
1.46705
1.46705
1.46705
1.46704
1.46704
1.46704
1.46705
1.46704
1.46704
1.46704
1.46705
1.46704
1.46705
1.46705
1.46706
1.46706
1.46706
1.46706
1.46705
1.46705
1.46706
1.46706
1.46706
1.46707
1.46707
1.46707
1.46707
1.46706
1.46706
1.46706
1.46705
1.46706
1.46706
1.46706
1.46706
1.46707
1.46707
1.46708
1.46708
1.46707
1.46708
1.46709
1.46708
1.46708
1.46708
1.46707
1.46707
1.46707
1.46706
1.46706
1.46707
1.46707
1.46708
1.46707
1.46708
1.46708
1.46707
1.46708
1.46708
1.46707
1.46708
1.46708
1.46708
1.46708
1.46708
1.46708
1.46708
1.46708
1.46708
1.46708
1.46707
1.46707
1.46706
1.46707
1.46707
1.46707
1.46708
1.46708
1.46708
1.46707
1.46707
1.46708
1.46708
1.46709
1.46709
1.46709
1.46709
1.46709
1.46709
1.46709
1.4671
1.4671
1.4671
1.4671
1.4671
1.4671
1.4671
1.4671
1.4671
1.46709
1.46709
1.46709
1.4671
1.46709
1.4671
1.46712
1.46711
1.46711
1.46712
1.46713
1.46712
1.46711
1.46711
1.46712
1.46712
1.46712
1.46712
1.46713
1.46713
1.46712
1.46713
1.46712
1.46712
1.46712
1.46712
1.46712
1.46713
1.46713
1.46713
1.46713
1.46713
1.46712
1.46712
1.46712
1.46713
1.46713
1.46714
1.46714
1.46714
1.46714
1.46714
1.46713
1.46713
1.46713
1.46713
1.46713
1.46713
1.46713
1.46712
1.46712
1.46712
1.46712
1.46712
1.46712
1.46713
1.46713
1.46713
1.46712
1.46713
1.46713
1.46712
1.46712
1.46711
1.46712
1.46712
1.46711
1.46711
1.4671
1.4671
1.4671
1.4671
1.4671
1.4671
1.4671
1.4671
1.46711
1.46711
1.46711
1.4671
1.46709
1.46709
1.46709
1.46709
1.46709
1.46709
1.46709
1.46708
1.46709
1.46709
1.46708
1.46708
1.46708
1.46709
1.46709
1.46709
1.4671
1.4671
1.46711
1.46711
1.46711
1.46711
1.46711
1.46711
1.46711
1.46711
1.46712
1.46711
1.46711
1.46712
1.46712
1.46712
1.46713
1.46713
1.46713
1.46712
1.46712
1.46713
1.46712
1.46713
1.46712
1.46712
1.46713
1.46713
1.46712
1.46712
1.46713
1.46713
1.46713
1.46714
1.46714
1.46714
1.46713
1.46713
1.46713
1.46713
1.46714
1.46712
1.46712
1.46711
1.46712
1.46712
1.46712
1.46712
1.46712
1.46712
1.46712
1.46712
1.46712
1.46712
1.46712
1.46713
1.46713
1.46713
1.46713
1.46713
1.46713
1.46715
1.46715
1.46715
1.46715
1.46715
1.46715
1.46716
1.46716
1.46716
1.46715
1.46716
1.46716
1.46716
1.46717
1.46717
1.46718
1.46718
1.46718
1.46718
1.46717
1.46716
1.46717
1.46716
1.46717
1.46717
1.46717
1.46718
1.46718
1.46718
1.46718
1.46719
1.4672
1.46719
1.46719
1.46718
1.46718
1.46718
1.46719
1.46718
1.46717
1.46717
1.46716
1.46716
1.46716
1.46717
1.46718
1.46718
1.46717
1.46718
1.46718
1.46718
1.46717
1.46718
1.46718
1.46717
1.46717
1.46717
1.46717
1.46717
1.46717
1.46717
1.46716
1.46716
1.46717
1.46716
1.46716
1.46715
1.46715
1.46717
1.46717
1.46717
1.46716
1.46716
1.46716
1.46716
1.46716
1.46717
1.46718
1.46718
1.46718
1.46718
1.46719
1.46719
1.4672
1.46719
1.46719
1.46719
1.46718
1.46719
1.4672
1.46719
1.46718
1.46718
1.46718
1.46718
1.46718
1.46718
1.4672
1.4672
1.4672
1.4672
1.4672
1.4672
1.4672
1.4672
1.4672
1.46719
1.46719
1.46719
1.46719
1.46719
1.4672
1.46718
1.46718
1.46719
1.46719
1.4672
1.46719
1.46719
1.46718
1.46718
1.46718
1.46719
1.46719
1.46719
1.46718
1.46718
1.46718
1.46718
1.46718
1.46718
1.46717
1.46717
1.46717
1.46717
1.46717
1.46717
1.46716
1.46716
1.46715
1.46715
1.46715
1.46716
1.46717
1.46717
1.46718
1.46718
1.46718
1.46719
1.46719
1.4672
1.46719
1.4672
1.4672
1.4672
1.4672
1.4672
1.46719
1.4672
1.4672
1.4672
1.4672
1.4672
1.46719
1.46719
1.46718
1.46718
1.46718
1.46717
1.46717
1.46717
1.46717
1.46716
1.46716
1.46716
1.46716
1.46715
1.46715
1.46715
1.46716
1.46717
1.46717
1.46717
1.46716
1.46716
1.46716
1.46716
1.46716
1.46716
1.46716
1.46716
1.46716
1.46716
1.46716
1.46717
1.46716
1.46716
1.46715
1.46714
1.46715
1.46715
1.46714
1.46714
1.46714
1.46715
1.46715
1.46715
1.46715
1.46715
1.46714
1.46713
1.46713
1.46713
1.46714
1.46714
1.46714
1.46714
1.46715
1.46715
1.46716
1.46716
1.46716
1.46716
1.46716
1.46716
1.46717
1.46717
1.46717
1.46718
1.46718
1.46719
1.46719
1.46718
1.46719
1.46719
1.46719
1.46719
1.46719
1.46719
1.46719
1.46718
1.46718
1.46718
1.4672
1.4672
1.4672
1.4672
1.46719
1.46719
1.4672
1.4672
1.46719
1.46719
1.46719
1.4672
1.4672
1.4672
1.4672
1.4672
1.4672
1.46718
1.46719
1.46718
1.46718
1.46719
1.46719
1.46718
1.46717
1.46718
1.46717
1.46718
1.46718
1.46718
1.46717
1.46717
1.46716
1.46716
1.46717
1.46717
1.46716
1.46716
1.46717
1.46718
1.46718
1.46717
1.46718
1.46717
1.46717
1.46717
1.46717
1.46716
1.46717
1.46718
1.46717
1.46718
1.46718
1.46718
1.46717
1.46716
1.46716
1.46716
1.46715
1.46715
1.46715
1.46715
1.46716
1.46715
1.46716
1.46715
1.46715
1.46714
1.46715
1.46715
1.46715
1.46714
1.46712
1.46712
1.46712
1.46713
1.46713
1.46713
1.46713
1.46714
1.46713
1.46713
1.46713
1.46713
1.46713
1.46714
1.46714
1.46714
1.46712
1.46713
1.46713
1.46712
1.46711
1.46713
1.46713
1.46713
1.46713
1.46713
1.46713
1.46713
1.46713
1.46713
1.46712
1.46712
1.46712
1.46712
1.46712
1.46712
1.46712
1.46712
1.46712
1.46712
1.46712
1.46711
1.46711
1.46711
1.46711
1.4671
1.46711
1.46711
1.46711
1.46711
1.46711
1.4671
1.4671
1.4671
1.46711
1.4671
1.4671
1.4671
1.4671
1.4671
1.4671
1.46711
1.46711
1.46711
1.46712
1.46711
1.46712
1.46711
1.46712
1.46711
1.46711
1.46711
1.46712
1.46712
1.46712
1.46712
1.46713
1.46713
1.46713
1.46713
1.46713
1.46712
1.46712
1.46712
1.46711
1.46711
1.46711
1.46711
1.4671
1.46709
1.4671
1.46711
1.46711
1.4671
1.4671
1.46709
1.4671
1.46709
1.46709
1.46709
1.46709
1.4671
1.46711
1.46711
1.4671
1.4671
1.4671
1.4671
1.4671
1.4671
1.4671
1.46709
1.46709
1.46709
1.46709
1.46708
1.46708
1.46708
1.46708
1.46708
1.46708
1.46707
1.46708
1.46707
1.46707
1.46707
1.46706
1.46706
1.46706
1.46706
1.46706
1.46706
1.46705
1.46705
1.46705
1.46705
1.46705
1.46705
1.46706
1.46707
1.46707
1.46706
1.46707
1.46706
1.46706
1.46706
1.46707
1.46707
1.46706
1.46706
1.46705
1.46705
1.46705
1.46705
1.46704
1.46704
1.46704
1.46703
1.46704
1.46704
1.46704
1.46704
1.46705
1.46705
1.46705
1.46705
1.46704
1.46703
1.46702
1.46702
1.46702
1.46702
1.46702
1.467
1.46701
1.46701
1.46699
1.467
1.467
1.467
1.46699
1.46699
1.46698
1.46697
1.46698
1.46698
1.46698
1.46698
1.46699
1.46697
1.46697
1.46697
1.46696
1.46697
1.46695
1.46695
1.46695
1.46694
1.46693
1.46693
1.46693
1.46693
1.46693
1.46692
1.46691
1.4669
1.4669
1.4669
1.4669
1.4669
1.46689
1.4669
1.4669
1.46689
1.46689
1.4669
1.4669
1.46691
1.46691
1.46691
1.46691
