1.28675
1.28398
1.28218
1.28154
1.28188
1.28276
1.28373
1.28454
1.28517
1.28577
1.28661
1.28793
1.2899
1.29255
1.29582
1.29957
1.3036
1.30772
1.31174
1.31553
1.31897
1.32197
1.3245
1.32652
1.32803
1.32903
1.32952
1.32951
1.32901
1.328
1.32652
1.32456
1.32217
1.31942
1.31642
1.31336
1.3105
1.30817
1.30667
1.30621
1.30678
1.30815
1.3099
1.31147
1.31233
1.31208
1.31048
1.30756
1.30361
1.29917
1.29489
1.29128
1.28857
1.28664
1.28525
1.28428
1.28386
1.28431
1.28581
1.28819
1.29086
1.29301
1.29397
1.29347
1.29173
1.28938
1.28722
1.28598
1.28608
1.28759
1.29029
1.29375
1.2975
1.3011
1.30423
1.30671
1.30849
1.30958
1.31005
1.31002
1.30957
1.3088
1.30777
1.30653
1.30509
1.30346
1.30164
1.29964
1.29749
1.29528
1.29315
1.29127
1.28984
1.28899
1.28876
1.28906
1.2897
1.29046
1.29108
1.29139
1.29124
1.29052
1.28918
1.28718
1.28445
1.28096
1.27668
1.27163
1.26593
1.25988
1.25396
1.24881
1.24506
1.24309
1.24288
1.24403
1.24593
1.24802
1.24989
1.25133
1.25227
1.25277
1.25291
1.25278
1.25247
1.25203
1.25152
1.25096
1.25036
1.24971
1.24899
1.24819
1.24727
1.24622
1.24506
1.24379
1.24245
1.24107
1.23972
1.23843
1.23723
1.23615
1.23518
1.23432
1.23354
1.23285
1.23223
1.2317
1.23126
1.23092
1.2307
1.23057
1.23054
1.23054
1.23055
1.23052
1.23041
1.2302
1.22987
1.22943
1.2289
1.2283
1.22768
1.22707
1.2265
1.22603
1.22569
1.22555
1.22562
1.22596
1.22656
1.22741
1.22848
1.2297
1.23102
1.23236
1.23368
1.23492
1.23607
1.2371
1.23801
1.2388
1.23946
1.23996
1.2403
1.24043
1.24034
1.23997
1.23932
1.23836
1.2371
1.23561
1.23395
1.23227
1.23069
1.22936
1.22839
1.22783
1.22764
1.22774
1.22801
1.22837
1.22874
1.22913
1.22958
1.23013
1.23084
1.23167
1.23258
1.23345
1.23418
1.23465
1.2348
1.23462
1.23417
1.23359
1.23306
1.23284
1.23311
1.23402
1.23556
1.23764
1.24005
1.24251
1.24477
1.24657
1.24767
1.24785
1.24695
1.24484
1.24149
1.23708
1.23198
1.22684
1.2224
1.21931
1.21789
1.21813
1.21981
1.22261
1.22626
1.23045
1.23487
1.23918
1.24308
1.24638
1.249
1.25091
1.25214
1.25275
1.25277
1.25224
1.25116
1.24949
1.2472
1.24422
1.24051
1.23606
1.23094
1.22536
1.21967
1.21437
1.21004
1.2072
1.20618
1.20703
1.20958
1.21345
1.2182
1.22337
1.22857
1.23347
1.23783
1.24148
1.2443
1.24621
1.24715
1.24706
1.24587
1.24354
1.24008
1.23571
1.23098
1.22684
1.22441
1.22461
1.22763
1.23281
1.23901
1.24514
1.25048
1.25468
1.2577
1.25963
1.26056
1.26058
1.25972
1.25797
1.2553
1.25174
1.24746
1.24277
1.23822
1.23443
1.23194
1.23107
1.23178
1.23381
1.23678
1.24034
1.24419
1.24812
1.25196
1.25559
1.25896
1.26206
1.2649
1.26748
1.26977
1.27169
1.27316
1.27407
1.27433
1.27391
1.27285
1.27127
1.2694
1.26753
1.26594
1.26484
1.26435
1.26447
1.2651
1.26612
1.26743
1.26895
1.27067
1.27261
1.27478
1.27714
1.2796
1.28206
1.28438
1.2865
1.28837
1.28999
1.29138
1.29254
1.29343
1.29403
1.29428
1.29418
1.29374
1.29307
1.29233
1.29172
1.29143
1.29158
1.29224
1.29331
1.29462
1.29592
1.29691
1.29729
1.29681
1.29534
1.29288
1.28963
1.28601
1.2826
1.28004
1.27882
1.27915
1.28089
1.28367
1.287
1.29043
1.29362
1.29637
1.29859
1.30025
1.30138
1.30201
1.30222
1.30205
1.30156
1.30078
1.29971
1.29834
1.29661
1.2944
1.2916
1.2881
1.28385
1.27884
1.27317
1.26699
1.26045
1.25364
1.24657
1.2392
1.23163
1.22428
1.218
1.21394
1.21311
1.2159
1.22189
1.23003
1.23913
1.24818
1.2565
1.2637
1.26962
1.27425
1.27766
1.27998
1.28134
1.28191
1.28181
1.28119
1.28018
1.2789
1.27745
1.27593
1.27443
1.273
1.27168
1.27051
1.26949
1.26862
1.26792
1.26736
1.26695
1.26664
1.26641
1.2662
1.26594
1.26555
1.26497
1.26414
1.26301
1.26159
1.25988
1.25794
1.25585
1.25372
1.25164
1.24969
1.24794
1.24639
1.24505
1.2439
1.24297
1.24228
1.24188
1.24183
1.24215
1.24282
1.24379
1.24498
1.2463
1.24764
1.24895
1.25018
1.2513
1.2523
1.25321
1.25403
1.25479
1.25553
1.25629
1.25708
1.25795
1.25891
1.25995
1.26106
1.2622
1.2633
1.26429
1.26506
1.26552
1.26554
1.26503
1.26388
1.26203
1.25942
1.25606
1.25198
1.24728
1.24215
1.23693
1.2322
1.22876
1.22742
1.22864
1.23233
1.23781
1.24412
1.25036
1.25582
1.26008
1.26292
1.26431
1.26431
1.26309
1.26081
1.2577
1.25403
1.25012
1.24629
1.24283
1.23991
1.23753
1.23549
1.23344
1.23103
1.22805
1.22466
1.22148
1.21945
1.21942
1.22168
1.22582
1.23097
1.23628
1.24116
1.24539
1.24898
1.25205
1.25477
1.25724
1.25954
1.2617
1.26372
1.26558
1.26725
1.26873
1.26997
1.27099
1.27176
1.2723
1.27261
1.27272
1.27265
1.27243
1.2721
1.2717
1.27124
1.27076
1.27025
1.2697
1.26909
1.26837
1.26749
1.26635
1.26489
1.26301
1.26067
1.25793
1.25495
1.25203
1.24959
1.248
1.24752
1.2482
1.24986
1.25226
1.25512
1.25822
1.26138
1.26447
1.26739
1.27005
1.2724
1.27441
1.27605
1.27733
1.27824
1.27882
1.27909
1.2791
1.27891
1.27858
1.27815
1.27763
1.27701
1.27623
1.27522
1.27389
1.27219
1.27007
1.26757
1.26476
1.26182
1.25905
1.2568
1.25544
1.25522
1.25623
1.25835
1.26131
1.26478
1.26847
1.27216
1.27569
1.27891
1.28174
1.28405
1.28574
1.28668
1.2867
1.2856
1.28312
1.279
1.27309
1.26569
1.25781
1.25128
1.2481
1.24922
1.2538
1.25972
1.26486
1.26794
1.26866
1.26735
1.26473
1.26161
1.25872
1.2566
1.25548
1.25537
1.25611
1.25744
1.25909
1.2608
1.26237
1.26368
1.26469
1.26549
1.2662
1.26698
1.26794
1.26913
1.27048
1.27189
1.27323
1.27436
1.27521
1.27572
1.27588
1.27575
1.27539
1.27492
1.27446
1.27413
1.27404
1.2742
1.27454
1.27488
1.27493
1.27434
1.27275
1.26989
1.26574
1.26072
1.25577
1.25221
1.25121
1.25317
1.25746
1.2629
1.26831
1.27294
1.2765
1.27902
1.28066
1.28159
1.28199
1.28195
1.28155
1.28084
1.27984
1.27861
1.2772
1.27571
1.27429
1.27309
1.27228
1.27202
1.27239
1.27339
1.27494
1.27689
1.27905
1.28122
1.2832
1.28485
1.28604
1.28668
1.28672
1.28616
1.28506
1.28351
1.28169
1.2798
1.27805
1.2766
1.27547
1.27458
1.27367
1.27239
1.27041
1.26746
1.26348
1.25861
1.2533
1.24828
1.24452
1.24312
1.24496
1.25022
1.2582
1.26751
1.27674
1.28485
1.29138
1.29627
1.29971
1.30195
1.30327
1.30389
1.304
1.30374
1.30322
1.30254
1.30175
1.30092
1.30008
1.29926
1.29851
1.29785
1.29731
1.29694
1.29675
1.29676
1.29699
1.2974
1.29795
1.29853
1.29903
1.29928
1.2991
1.2983
1.29669
1.2941
1.29046
1.28583
1.28045
1.2748
1.26955
1.26546
1.26314
1.26298
1.26494
1.26869
1.27362
1.27903
1.28425
1.28876
1.29226
1.29463
1.29593
1.29632
1.29601
1.29522
1.29418
1.29311
1.29224
1.29179
1.29192
1.29268
1.29401
1.29569
1.29751
1.29925
1.30085
1.30237
1.304
1.30598
1.30843
1.31135
1.31455
1.31774
1.32064
1.32302
1.32477
1.32589
1.32645
1.32659
1.32642
1.32605
1.32548
1.32468
1.32355
1.32198
1.31996
1.3176
1.31522
1.31324
1.31213
1.31218
1.31342
1.3156
1.31831
1.32117
1.32388
1.3263
1.3284
1.33018
1.33168
1.3329
1.33384
1.33445
1.33467
1.33441
1.33358
1.33214
1.33006
1.32739
1.32423
1.32074
1.31713
1.31361
1.31034
1.30737
1.30464
1.30193
1.29889
1.29516
1.29047
1.28477
1.27845
1.2723
1.26746
1.26498
1.26542
1.26863
1.27385
1.28005
1.28636
1.2922
1.29733
1.30173
1.30552
1.30882
1.31176
1.31442
1.31683
1.319
1.32091
1.32252
1.32381
1.32477
1.32538
1.32563
1.32551
1.32502
1.32414
1.32285
1.32114
1.31905
1.31665
1.31409
1.31158
1.30939
1.30776
1.30686
1.30672
1.30721
1.30808
1.30904
1.30984
1.31025
1.31019
1.3096
1.30852
1.30701
1.30518
1.30306
1.30066
1.29787
1.29445
1.29007
1.28437
1.27711
1.26846
1.25914
1.25047
1.24404
1.2411
1.24207
1.24651
1.25342
1.26155
1.26973
1.27704
1.28286
1.28698
1.28941
1.29037
1.29008
1.28865
1.28608
1.28235
1.27767
1.27273
1.26875
1.26707
1.26835
1.27218
1.27729
1.28226
1.28613
1.28849
1.28935
1.28896
1.28763
1.28565
1.28329
1.28076
1.27824
1.27586
1.27371
1.27184
1.27031
1.26913
1.26834
1.26797
1.26807
1.26869
1.26984
1.27149
1.2736
1.27603
1.27866
1.28136
1.28401
1.28651
1.28879
1.29081
1.29256
1.29401
1.29518
1.29608
1.29671
1.2971
1.29729
1.29732
1.29722
1.29706
1.29687
1.2967
1.29655
1.29642
1.29627
1.29605
1.2957
1.29523
1.29465
1.29407
1.29361
1.29338
1.29344
1.2937
1.29399
1.29406
1.29368
1.29268
1.29101
1.28876
1.28611
1.28331
1.28063
1.27834
1.27668
1.2759
1.27619
1.27765
1.28025
1.28383
1.28814
1.29284
1.29764
1.30226
1.3065
1.31021
1.31326
1.31552
