1
1
1.00001
1.00002
1.00003
1.00004
1.00006
1.00009
1.00011
1.00014
1.00018
1.00021
1.00025
1.0003
1.00034
1.0004
1.00045
1.00051
1.00057
1.00064
1.00071
1.00078
1.00086
1.00094
1.00103
1.00112
1.00122
1.00132
1.00142
1.00153
1.00164
1.00176
1.00188
1.00201
1.00214
1.00228
1.00242
1.00257
1.00272
1.00288
1.00304
1.00321
1.00339
1.00357
1.00375
1.00395
1.00415
1.00435
1.00457
1.00479
1.00502
1.00525
1.00549
1.00574
1.006
1.00627
1.00655
1.00683
1.00713
1.00743
1.00775
1.00807
1.00841
1.00876
1.00912
1.00949
1.00987
1.01027
1.01068
1.01111
1.01155
1.01201
1.01248
1.01298
1.01349
1.01401
1.01456
1.01513
1.01572
1.01634
1.01698
1.01764
1.01834
1.01905
1.0198
1.02058
1.0214
1.02225
1.02313
1.02405
1.02502
1.02603
1.02708
1.02818
1.02932
1.03053
1.03178
1.03309
1.03447
1.0359
1.0374
1.03896
1.04059
1.04228
1.04404
1.04586
1.04775
1.04968
1.05165
1.05365
1.05566
1.05764
1.05956
1.06138
1.06302
1.06441
1.06546
1.06608
1.06615
1.06559
1.06434
1.06241
1.05994
1.05719
1.05455
1.05251
1.05154
1.05195
1.05384
1.05707
1.06131
1.06609
1.07093
1.07537
1.07907
1.08182
1.0836
1.08463
1.0853
1.08615
1.08772
1.09038
1.0942
1.09895
1.10414
1.10923
1.11373
1.11729
1.11975
1.12108
1.12139
1.12089
1.11982
1.11844
1.11699
1.11562
1.11438
1.11326
1.11222
1.11119
1.11015
1.10907
1.10793
1.10673
1.10555
1.10453
1.10393
1.10405
1.10512
1.10726
1.1104
1.1144
1.119
1.12395
1.12895
1.13374
1.13806
1.14168
1.14445
1.1463
1.14722
1.1473
1.1467
1.14564
1.14436
1.14314
1.14223
1.14182
1.14205
1.14294
1.14443
1.14638
1.14863
1.15097
1.15324
1.15527
1.15699
1.15834
1.15936
1.1601
1.16064
1.16108
1.1615
1.16192
1.16236
1.16278
1.16314
1.16343
1.16365
1.1638
1.16394
1.16412
1.16436
1.16469
1.16509
1.16555
1.16604
1.16653
1.16702
1.16752
1.16804
1.16863
1.16933
1.17015
1.17113
1.17225
1.1735
1.17483
1.1762
1.17755
1.17882
1.17996
1.1809
1.18161
1.18204
1.18216
1.18195
1.18141
1.18057
1.17947
1.1782
1.17691
1.17574
1.17488
1.17446
1.17454
1.17512
1.17606
1.17719
1.1783
1.17916
1.17959
1.17946
1.17868
1.17726
1.17526
1.17288
1.17041
1.16823
1.16678
1.16645
1.16751
1.16999
1.17365
1.17808
1.18275
1.18712
1.1907
1.19308
1.19393
1.19302
1.19027
1.18589
1.18047
1.17509
1.17111
1.16974
1.17148
1.17591
1.18189
1.18809
1.19345
1.19729
1.1993
1.19939
1.19763
1.19419
1.18932
1.18342
1.17697
1.17058
1.16486
1.16034
1.15745
1.15639
1.15721
1.15975
1.16365
1.1684
1.17345
1.17832
1.18267
1.18634
1.18931
1.19165
1.19347
1.19489
1.196
1.19688
1.1976
1.19819
1.19872
1.1992
1.19966
1.20014
1.20062
1.20113
1.20164
1.20214
1.20262
1.20304
1.20337
1.20355
1.20354
1.20327
1.20267
1.20167
1.20016
1.19806
1.19529
1.19177
1.18749
1.18255
1.17724
1.17202
1.16755
1.16451
1.16335
1.16412
1.16641
1.16957
1.17292
1.17596
1.17837
1.18008
1.18113
1.18165
1.18182
1.18181
1.18175
1.18175
1.18189
1.18216
1.18253
1.1829
1.18317
1.18327
1.18313
1.18277
1.18231
1.1819
1.18174
1.18198
1.18267
1.18378
1.18517
1.18668
1.18815
1.18946
1.19055
1.19139
1.192
1.19237
1.19252
1.19245
1.19218
1.19171
1.19105
1.19023
1.18928
1.18826
1.18723
1.18625
1.18538
1.18468
1.18416
1.18384
1.18369
1.18363
1.18359
1.18346
1.1831
1.18238
1.18111
1.17915
1.17633
1.17251
1.16762
1.16168
1.1549
1.14769
1.14068
1.13469
1.13053
1.12877
1.1296
1.13274
1.13762
1.14359
1.15004
1.1565
1.1626
1.16806
1.17269
1.17639
1.1792
1.18121
1.18258
1.18346
1.18399
1.18423
1.18422
1.18392
1.1833
1.18227
1.18079
1.1788
1.1763
1.17334
1.17004
1.1666
1.16329
1.16041
1.15818
1.15671
1.15596
1.15578
1.156
1.15649
1.15723
1.15825
1.15957
1.16113
1.16281
1.1644
1.16572
1.16659
1.1669
1.1666
1.16573
1.16435
1.1626
1.16066
1.15873
1.15706
1.15584
1.15523
1.15528
1.15598
1.15719
1.15876
1.16052
1.16231
1.16403
1.16561
1.16701
1.16824
1.1693
1.17021
1.17099
1.17167
1.17227
1.17281
1.1733
1.17373
1.17413
1.17449
1.1748
1.17506
1.17527
1.17541
1.1755
1.17551
1.17545
1.17532
1.17512
1.17487
1.17458
1.17428
1.17399
1.17374
1.17355
1.17345
1.17343
1.17349
1.1736
1.17372
1.17378
1.17376
1.17358
1.17323
1.17269
1.17196
1.17108
1.17011
1.16911
1.16818
1.1674
1.16688
1.16669
1.16693
1.16766
1.1689
1.17066
1.17284
1.17533
1.17794
1.18047
1.18276
1.18466
1.1861
1.18705
1.18755
1.18765
1.18746
1.18704
1.18649
1.18585
1.18516
1.18446
1.18377
1.18313
1.18257
1.18216
1.18191
1.18185
1.18196
1.18221
1.18254
1.18288
1.18322
1.18354
1.18388
1.18431
1.18492
1.18581
1.18702
1.18858
1.19042
1.19245
1.19454
1.19657
1.19842
1.20002
1.20131
1.20228
1.20295
1.20334
1.2035
1.20348
1.20332
1.20306
1.20269
1.2022
1.20151
1.20054
1.1992
1.19742
1.19522
1.19271
1.19016
1.18794
1.18647
1.18608
1.18686
1.18866
1.19108
1.19365
1.19588
1.19739
1.19792
1.19733
1.19561
1.19287
1.18932
1.18529
1.1812
1.17752
1.17472
1.17321
1.17323
1.17487
1.17795
1.18213
1.18693
1.19185
1.19643
1.20032
1.20325
1.20509
1.20576
1.20527
1.20367
1.20108
1.1977
1.19378
1.18963
1.18557
1.18182
1.1785
1.17557
1.17296
1.17067
1.16887
1.16789
1.16815
1.16995
1.17328
1.17781
1.18295
1.18806
1.19259
1.19618
1.1986
1.19979
1.19976
1.19861
1.19654
1.19382
1.19081
1.18789
1.18547
1.18378
1.18293
1.18281
1.18318
1.18374
1.18422
1.18437
1.18405
1.18312
1.18156
1.17937
1.17666
1.17365
1.17063
1.16794
1.16587
1.1646
1.16411
1.16423
1.16472
1.16533
1.16589
1.16632
1.16661
1.16679
1.1669
1.16697
1.16701
1.16699
1.1669
1.1667
1.16637
1.16589
1.16528
1.16457
1.16381
1.16306
1.1624
1.16191
1.16166
1.16172
1.16212
1.16287
1.16395
1.16533
1.16692
1.16868
1.17051
1.17237
1.17418
1.17592
1.17754
1.17903
1.18036
1.18151
1.18244
1.18311
1.18344
1.18337
1.18276
1.18148
1.17938
1.17629
1.17212
1.16688
1.1608
1.15445
1.14873
1.14469
1.14307
1.14393
1.14644
1.14935
1.15145
1.15201
1.15091
1.14863
1.14606
1.14429
1.14425
1.14637
1.15043
1.15579
1.16168
1.16752
1.17295
1.17777
1.18186
1.18515
1.18755
1.18898
1.18938
1.18866
1.1868
1.18381
1.17985
1.1752
1.17038
1.16602
1.16274
1.16097
1.16074
1.16175
1.16351
1.16549
1.16727
1.1686
1.16938
1.16967
1.16966
1.16958
1.16967
1.17011
1.17097
1.17219
1.17366
1.17524
1.17678
1.17822
1.17954
1.18076
1.18196
1.18319
1.1845
1.18589
1.1873
1.18867
1.18991
1.19092
1.19164
1.19201
1.19201
1.19165
1.19097
1.19003
1.18891
1.18771
1.18652
1.18544
1.18453
1.18383
1.18336
1.18308
1.18299
1.18305
1.18328
1.18368
1.18429
1.18514
1.18629
1.18773
1.18943
1.19135
1.19337
1.19537
1.19723
1.19882
1.20004
1.20084
1.2012
1.20115
1.20078
1.20021
1.19964
1.19923
1.19914
1.19946
1.20019
1.20123
1.20244
1.20362
1.20461
1.20526
1.2055
1.20531
1.20473
1.20382
1.20269
1.20139
1.19998
1.19844
1.19677
1.19495
1.193
1.19102
1.18916
1.18761
1.18655
1.18612
1.18638
1.18729
1.18874
1.19059
1.19266
1.19481
1.19693
1.19893
1.20076
1.20237
1.20374
1.20482
1.20561
1.20609
1.20625
1.2061
1.20569
1.20506
1.20432
1.20354
1.20283
1.20225
1.20184
1.20161
1.20151
1.20148
1.20145
1.20135
1.20112
1.20073
1.20018
1.19947
1.19862
1.19767
1.19665
1.1956
1.19454
1.19353
1.19261
1.19183
1.19124
1.19089
1.19085
1.19113
1.19174
1.19265
1.1938
1.19511
1.19648
1.19784
1.1991
1.20018
1.20105
1.20166
1.20198
1.20197
1.20159
1.20082
1.19961
1.19796
1.19588
1.19345
1.19084
1.18833
1.18627
1.18502
1.18484
1.18577
1.18763
1.19006
1.19265
1.19504
1.19694
1.1982
1.19872
1.19849
1.19754
1.19593
1.19382
1.19142
1.18907
1.18717
1.18614
1.18625
1.18761
1.19006
1.19327
1.19684
1.2004
1.20367
1.20646
1.20868
1.21028
1.21124
1.21159
1.21135
1.21059
1.20942
1.20794
1.20632
1.20472
1.20328
1.20214
1.20134
1.20088
1.20069
1.20065
1.20066
1.20062
1.2005
1.20031
1.20013
1.20007
1.20025
1.20077
1.20168
1.20296
1.20451
1.20618
1.20779
1.20915
1.21011
1.21055
1.21036
1.20945
1.20776
1.20525
1.20198
1.19814
1.19417
1.1907
1.18847
1.18807
1.18964
1.19282
1.19693
1.20121
1.20511
1.20831
1.21073
1.21241
1.21346
1.21403
1.21424
1.21422
1.21404
1.21377
1.21347
1.21316
1.21282
1.21245
1.21201
1.21147
1.21082
1.21009
1.20936
1.20878
1.20856
1.20892
1.21001
1.2119
1.2145
1.21759
1.22092
1.2242
1.22721
1.22978
1.23183
1.2333
1.23417
1.23444
1.23411
1.2332
1.23171
1.22968
1.22715
1.2242
1.22092
1.2175
1.21411
1.211
1.20842
1.20661
1.20578
1.20603
1.20738
1.20973
1.2129
1.21662
1.22061
1.2246
1.22833
1.23162
1.23434
1.23642
1.23785
1.23868
1.23901
1.23899
1.23877
1.23855
1.2385
1.23877
1.23946
1.2406
1.24216
1.24409
1.24631
1.24875
1.25134
1.25399
1.25658
1.25892
1.2608
1.26202
1.26242
1.26196
1.26067
1.25876
1.25652
1.2543
1.25242
1.25103
1.25002
1.24906
1.2477
1.24551
1.24218
1.23764
1.23215
1.22634
1.22122
1.21795
1.21745
1.21994
1.22481
1.23091
1.23698
1.24208
1.24578
1.248
1.24896
1.249
1.24844
1.24759
1.24669
1.24593
1.24542
1.24521
1.24529
1.24559
1.24604
1.24656
1.2471
1.24764
1.24817
1.24872
1.24933
1.25004
1.25086
1.25183
1.25293
1.25415
1.25545
1.25678
1.25807
1.25928
1.26037
1.2613
1.26206
1.26264
1.26303
1.26326
1.26335
1.26331
1.26318
1.26298
1.26275
1.26251
1.2623
1.26214
1.26206
1.26208
1.26219
1.26241
1.26269
1.26299
1.26324
1.26332
1.26307
1.26228
1.2607
1.25805
1.25408
1.24869
1.2421
1.235
1.22857
1.22413
1.22254
1.22375
1.22695
1.23107
1.23527
1.23916
1.24265
1.24587
1.24897
1.25208
1.2552
1.2582
1.26083
1.26278
1.2638
1.26374
1.26266
1.26084
1.25881
1.25719
1.25645
1.25661
1.25719
1.25723
1.25569
1.25168
1.24494
1.23622
1.22755
1.22169
1.22066
1.22438
1.23086
1.23774
1.24354
1.24781
1.25077
1.2529
1.25464
1.2563
1.25808
1.26003
1.26212
1.26427
1.26637
1.2683
1.26998
1.2713
1.27221
1.27263
1.27252
1.27183
1.27048
1.26841
1.26558
1.26192
1.25742
1.25215
1.24627
1.24007
1.23403
1.22873
1.22479
1.2227
1.22269
1.22471
1.22841
1.23328
1.2388
1.24444
1.24981
1.2546
1.25859
1.26166
1.26369
1.26461
1.2643
1.26266
1.2596
1.25512
1.24946
1.24323
1.23749
1.23349
1.23222
1.23383
1.23762
1.24244
1.24719
1.2512
1.25418
1.25611
1.25708
1.2572
1.25654
1.25517
1.25312
1.25045
1.24726
1.24374
1.24016
1.23682
1.23401
1.23189
1.23045
1.22953
1.22888
1.22826
1.22744
1.22622
1.22447
1.22212
1.21926
1.21615
1.21319
1.2109
1.20969
1.20982
1.21126
1.21379
1.21706
1.22069
1.22436
1.22781
1.23087
1.23343
1.23547
1.237
1.23807
1.23874
1.23908
1.23915
1.23903
1.23876
1.2384
1.23799
1.23755
1.23712
1.23671
1.23633
1.236
1.23572
1.2355
1.23533
1.2352
1.23506
1.23487
1.23457
1.23409
1.23338
1.23241
1.23118
1.22971
1.22809
1.22643
1.22488
1.22362
1.22279
1.22249
1.22273
1.22343
1.22446
1.22563
1.22674
1.22764
1.22815
1.22814
1.22743
1.22594
1.2237
1.22105
1.21868
1.21752
1.21834
1.22135
1.22604
1.23144
1.23657
1.24075
1.24366
1.24525
1.24559
1.24481
1.24306
1.24044
1.23711
1.23323
1.22902
1.22473
1.22065
1.217
1.2139
1.2113
1.209
1.20677
1.20443
1.20203
1.19991
1.19878
1.19939
1.20228
1.20739
1.21407
1.22137
1.2284
1.23454
1.23954
1.24333
1.24601
1.24773
1.24861
1.24876
1.24821
1.24692
1.24483
1.24182
1.23787
1.23312
1.22803
1.22342
1.22031
1.2195
1.22109
1.22443
1.22842
1.232
1.23444
1.23539
1.23477
1.23269
1.22935
1.225
1.21997
1.21467
1.20958
1.20517
1.20187
1.19999
1.19965
1.20082
1.20331
1.20684
1.21104
1.21553
1.21994
1.22394
1.22731
1.22993
1.23176
1.23285
1.23326
1.23311
1.23249
1.23152
1.23029
1.22891
1.22746
1.22598
1.22453
1.22313
1.22177
1.22044
1.21912
1.2178
1.21654
1.21545
1.21472
1.21459
1.21525
1.21681
1.21919
1.22213
1.22529
1.22832
1.23095
1.23299
1.23437
1.2351
1.23523
1.23488
1.23415
1.2332
1.23217
1.2312
1.23045
1.23
1.2299
1.23014
1.23063
1.23126
1.23191
1.2325
1.23301
1.23348
1.23396
1.23456
1.23534
1.2363
1.23739
1.23849
1.23946
1.24011
1.24031
1.23995
1.23901
1.23752
1.23556
1.23328
1.23084
1.22841
1.22614
1.22415
1.22252
1.2213
1.22052
1.22019
1.22029
1.2208
1.22167
1.22286
1.22432
1.22602
1.22792
1.23
1.23221
1.23452
1.23689
1.23927
1.24162
1.24388
1.24597
1.2478
1.24929
1.25032
1.2508
1.25064
1.24978
1.24818
1.24588
1.24302
1.23986
1.23675
1.2341
1.23223
1.23128
1.23117
1.23165
1.23241
1.23321
1.23388
1.23439
1.23472
1.23492
1.23499
1.23494
1.23478
1.23452
1.23418
1.23382
1.23352
1.2334
1.23356
1.23411
1.23511
1.23656
1.23838
1.24046
1.24263
1.24475
1.24669
1.24837
1.24974
1.25079
1.25155
1.25206
1.25235
1.25249
1.2525
1.25243
1.25231
1.25216
1.25197
1.25177
1.25154
1.2513
1.25104
1.25079
1.25055
1.25038
1.2503
1.25035
1.25057
1.25098
1.25161
1.25244
1.25346
1.25461
1.25584
1.25708
1.25825
1.25926
1.26004
1.26048
1.26052
1.26006
1.25906
1.25749
1.25536
1.25275
1.24983
1.24684
1.24409
1.24193
1.2407
1.24066
1.24191
1.24434
1.2477
1.2516
1.25562
1.25941
1.2627
1.26532
1.26724
1.26845
1.26905
1.26913
1.26882
1.26824
1.26748
1.26662
1.26571
1.2648
1.26388
1.26297
1.26205
1.26113
1.26022
1.25934
1.25854
1.2579
1.25747
1.25732
1.25751
1.25803
1.25887
1.25996
1.26122
1.26255
1.26387
1.26507
1.26611
1.26692
1.26748
1.26776
1.26777
1.26751
1.267
1.26625
1.26531
1.26422
1.26304
1.26185
1.26075
1.25982
1.25916
1.25884
1.25886
1.25919
1.25976
1.26045
1.26116
1.26179
1.26227
1.26255
1.2626
1.26241
1.26198
1.26132
1.26043
1.25933
1.25803
1.25657
1.25499
1.25334
1.25172
1.25022
1.24896
1.24805
1.24756
1.24754
1.24796
1.24876
1.24982
1.25105
1.25234
1.25361
1.25483
1.25596
1.25701
1.25798
1.25887
1.25967
1.26036
1.26093
1.26135
1.26163
1.26174
1.26172
1.2616
1.26143
1.26127
1.2612
1.26129
1.26158
1.26211
1.26288
1.26388
1.26507
1.2664
1.2678
1.26922
1.27063
1.27197
1.27323
1.27439
1.27543
1.27633
1.27709
1.27768
1.27809
1.27833
1.27839
1.2783
1.27808
1.2778
1.27751
1.2773
1.27723
1.27736
1.27773
1.27834
1.27916
1.28015
1.28126
1.28245
1.28367
1.2849
1.28613
1.28737
1.28863
1.28991
1.29123
1.29257
1.29392
1.29524
1.29649
1.29762
1.29857
1.29928
1.29972
1.29984
1.29964
1.29911
1.29829
1.29721
1.29593
1.29452
1.29306
1.29163
1.29033
1.28925
1.28846
1.28803
1.28802
1.28844
1.28928
1.29049
1.292
1.29375
1.29562
1.29751
1.29933
1.30095
1.30227
1.30318
1.30358
1.30343
1.30268
1.30138
1.29961
1.29746
1.29503
1.29235
1.28934
1.28589
1.28189
1.27734
1.27239
1.2674
1.26278
1.25893
1.256
1.25396
1.25265
1.25205
1.25232
1.25381
1.25682
1.26136
1.26704
1.27323
1.27923
1.28453
1.28881
1.29199
1.29412
1.29533
1.29577
1.2956
1.29495
1.2939
1.29254
1.29088
1.28892
1.28663
1.28393
1.28074
1.27699
1.27264
1.26778
1.26268
1.2578
1.25377
1.25118
1.25034
1.25111
1.25296
1.25516
1.25704
1.25806
1.2579
1.25632
1.2532
1.24849
1.24229
1.23493
1.22712
1.21991
1.21451
1.21188
1.21238
1.21568
1.22093
1.22715
1.23343
1.23916
1.24404
1.24798
1.25105
1.25341
1.25521
1.25657
1.2576
1.25836
1.2589
1.25926
1.25946
1.25953
1.25947
1.25931
1.25906
1.25872
1.2583
1.25779
1.25718
1.25645
1.25558
1.25456
1.25339
1.25209
1.25069
1.24928
1.24791
1.24665
1.24548
1.2443
1.24286
1.24076
1.23749
1.23252
1.22558
1.21708
1.20864
1.20303
1.20295
1.20916
1.21985
1.23203
1.24328
1.25248
1.25947
1.26458
1.26822
1.2708
1.2726
1.27387
1.27475
1.27537
1.2758
1.2761
1.2763
1.27642
1.2765
1.27654
1.27655
1.27654
1.27651
1.27648
1.27644
1.2764
1.27636
1.27634
1.27633
1.27634
1.27641
1.27656
1.27684
1.27731
1.27803
1.27904
1.2804
1.2821
1.28411
1.28639
1.28885
1.29139
1.2939
1.29627
1.29837
1.30007
1.30127
1.30186
1.30174
1.30089
1.29929
1.29698
1.29406
1.29069
1.28707
1.28344
1.28007
1.27722
1.27513
1.27399
1.27391
1.27492
1.277
1.28003
1.28383
1.2882
1.29288
1.29765
1.30227
1.30658
1.31045
1.3138
1.31658
1.3188
1.32046
1.32157
1.32216
1.32225
1.32189
1.32113
1.32002
1.31861
1.31695
1.31506
1.31295
1.31061
1.30802
1.30517
1.30205
1.29869
1.29517
1.29158
1.28808
1.28482
1.28199
1.27973
1.27815
1.27725
1.27697
1.27718
1.27777
1.27866
1.27984
1.28137
1.2833
1.28563
1.28825
1.29095
1.29347
1.29555
1.29694
1.29749
1.29709
1.29574
1.29349
1.29051
1.28706
1.28347
1.28013
1.27738
1.27551
1.27465
1.27479
1.27579
1.27746
1.27951
1.2817
1.28382
1.28572
1.28731
1.28859
1.28957
1.29029
1.29083
1.29124
1.29161
1.292
1.29247
1.29306
1.29381
1.29469
1.29567
1.29664
1.2975
1.29809
1.29828
1.29795
1.29701
1.29545
1.29337
1.29095
1.28852
1.28649
1.2853
1.28532
1.28679
1.28973
1.29389
1.29885
1.30411
1.30919
1.31373
1.31751
1.32042
1.32245
1.32365
1.32413
1.324
1.32342
1.32254
1.32151
1.32048
1.31955
1.31885
1.31843
1.31834
1.31857
1.31905
1.3196
1.31992
1.31953
1.31785
1.31434
1.3088
1.30189
1.29539
1.29178
1.29272
1.29779
1.30486
1.31158
1.3166
1.31965
1.3211
1.32151
1.32137
1.32096
1.32045
1.31988
1.31928
1.31872
1.3184
1.31858
1.31948
1.32116
1.32342
1.32584
1.3279
1.32916
1.32939
1.32871
1.32754
1.32645
1.32603
1.32662
1.32819
1.3304
1.33273
1.33467
1.33585
1.33611
1.33544
1.33397
1.33185
1.32925
1.32626
1.32286
1.31894
1.31431
1.30881
1.30242
1.2954
1.28838
1.28227
1.27796
1.27588
1.27576
1.27678
1.27803
1.27895
1.27949
1.28004
1.28115
1.28315
1.28601
1.28936
1.29268
1.29552
1.2976
1.29879
1.2991
1.29861
1.29741
1.2956
1.29324
1.29041
1.28714
1.2835
1.27952
1.27528
1.27087
1.26641
1.26205
1.25796
1.25432
1.25129
1.24899
1.24746
1.24668
1.24655
1.24691
1.24756
1.24833
1.24906
1.24964
1.25002
1.25017
1.2501
1.24984
1.24941
1.24887
1.24825
1.24758
1.24689
1.24621
1.24554
1.24492
1.24435
1.24383
1.24339
1.24301
1.24271
1.24248
1.24233
1.24225
1.24226
1.24233
1.24248
1.2427
1.24299
1.24335
1.24377
1.24425
1.24479
1.24537
1.24599
1.24662
1.24723
1.24779
1.24824
1.24851
1.24851
1.24812
1.24724
1.24576
1.24363
1.24093
1.23791
1.23501
1.23278
1.2317
1.23198
1.23339
1.23536
1.23719
1.23832
1.23842
1.23745
1.2356
1.23323
1.23073
1.22851
1.22684
1.22589
1.22565
1.22604
1.2269
1.22805
1.22928
1.23043
1.23139
1.2321
1.2326
1.23297
1.23336
1.23389
1.23469
1.23585
1.23741
1.23937
1.24168
1.24426
1.247
1.2498
1.25252
1.25505
1.2573
1.25918
1.26066
1.26169
1.26228
1.26242
1.26213
1.26145
1.26041
1.25908
1.25751
1.25576
1.25389
1.25196
1.25002
1.24814
1.24636
1.24474
1.24331
1.24212
1.24122
1.24065
1.24046
1.24065
1.24116
1.24182
1.24244
1.24284
1.24296
1.24295
1.24309
1.24375
1.24513
1.24719
1.2496
1.25188
1.25357
1.25438
1.25421
1.25314
1.25137
1.24915
1.24675
1.24453
1.24296
1.24257
1.24374
1.2465
1.25039
1.25462
1.25841
1.26118
1.26267
1.2629
1.26211
1.26065
1.25894
1.25735
1.25614
1.25539
1.25503
1.25482
1.25449
1.25375
1.25237
1.25019
1.24717
1.24336
1.23897
1.23438
1.2301
1.22672
1.22471
1.2243
1.22538
1.22756
1.23031
1.23316
1.23573
1.23785
1.23944
1.24054
1.24123
1.24161
1.2418
1.24187
1.2419
1.24194
1.24201
1.24212
1.24228
1.24249
1.24272
1.24296
1.24319
1.24342
1.24362
1.2438
1.24396
1.24409
1.2442
1.24431
1.24441
1.2445
1.24459
1.24466
1.24471
1.24471
1.24462
1.24442
1.24406
1.24353
1.24281
1.24191
1.24088
1.23981
1.23883
1.2381
1.23775
1.2379
1.23859
1.23975
1.24129
1.24303
1.24482
1.2465
1.24798
1.2492
1.25011
1.25073
1.25108
1.25119
1.25112
1.25094
1.2507
1.25049
1.25036
1.25037
1.25055
1.25091
1.25143
1.25209
1.25283
1.25359
1.25433
1.25499
1.25554
1.25596
1.25621
1.25631
1.25623
1.25601
1.25564
1.25515
1.25458
1.25395
1.25331
1.2527
1.25215
1.2517
1.25138
1.25119
1.25116
1.25127
1.25155
1.25198
1.25258
1.25335
1.2543
1.25541
1.25669
1.25813
1.25969
1.26135
1.26307
1.2648
1.26649
1.26802
1.26926
1.27001
1.26997
1.26873
1.26574
1.26045
1.25252
1.24241
1.23197
1.22443
1.22269
1.22716
1.23526
1.24352
1.24955
1.25255
1.2528
1.25116
1.2487
1.24655
1.24565
1.2465
1.24902
1.25267
1.2567
1.26043
1.26343
1.2655
1.26664
1.26698
1.26672
1.26609
1.26533
1.26462
1.26409
1.26376
1.26359
1.26347
1.26332
1.26307
1.26274
1.26243
1.26228
1.26246
1.26311
1.26432
1.26608
1.26828
1.27079
1.27343
1.27605
1.27852
1.28074
1.28266
1.28424
1.28545
1.28627
1.28669
1.28669
1.28623
1.28527
1.28376
1.28166
1.27892
1.27553
1.27155
1.26711
1.26248
1.25802
1.2542
1.2515
1.25024
1.25052
1.25219
1.25483
1.25796
1.2611
1.26391
1.26619
1.26792
1.26922
1.27024
1.27119
1.27219
1.27329
1.27449
1.27571
1.27684
1.2778
1.27854
1.27904
1.2793
1.27933
1.27911
1.27862
1.2778
1.27654
1.27475
1.27234
1.26927
1.26564
1.2617
1.25788
1.2547
1.25265
1.252
1.2527
1.25443
1.25673
1.2592
1.26159
1.26377
1.26573
1.26751
1.26915
1.27069
1.27212
1.2734
1.27453
1.27547
1.27621
1.27677
1.27714
1.27736
1.27741
1.27732
1.27707
1.27666
1.27606
1.27527
1.27429
1.27312
1.2718
1.27037
1.26889
1.26745
1.26613
1.26501
1.26414
1.26354
1.26321
1.2631
1.26313
1.26322
1.2633
1.26332
1.26324
1.26306
1.2628
1.26248
1.26214
1.26181
1.2615
1.26124
1.26104
1.26089
1.2608
1.26074
1.26066
1.26053
1.26026
1.25978
1.25902
1.25794
1.25655
1.2549
1.2531
1.25129
1.24961
1.24818
1.24704
1.24614
1.2454
1.2447
1.24396
1.24317
1.2424
1.24178
1.24149
1.24168
1.24249
1.24397
1.24605
1.24862
1.25148
1.25442
1.25723
1.25975
1.26187
1.26351
1.26461
1.26515
1.26507
1.26432
1.26283
1.26054
1.25737
1.25327
1.24824
1.24242
1.23615
1.2301
1.22526
1.22275
1.22334
1.22699
1.23282
1.23953
1.24595
1.25135
1.25544
1.25828
1.26005
1.261
1.26138
1.26141
1.26126
1.26107
1.26093
1.2609
1.26101
1.26127
1.26165
1.26211
1.26262
1.26313
1.2636
1.26397
1.26423
1.26433
1.26428
1.26408
1.26373
1.26326
1.26269
1.26205
1.26135
1.2606
1.25982
1.25902
1.25824
1.25751
1.25691
1.25649
1.25631
1.25639
1.25673
1.25728
1.25796
1.25868
1.25936
1.25991
1.2603
1.26052
1.26062
1.26068
1.26079
1.26104
1.26148
1.26212
1.2629
1.26371
1.26443
1.26495
1.26519
1.26508
1.26463
1.26385
1.26278
1.26148
1.26
1.25837
1.25664
1.25482
1.25294
1.25101
1.24908
1.24718
1.24537
1.24374
1.24238
1.24139
1.24084
1.2408
1.24125
1.24215
1.24339
1.24486
1.24641
1.24791
1.24927
1.25042
1.25133
1.25198
1.25239
1.25256
1.25253
1.2523
1.2519
1.25131
1.25054
1.24958
1.24839
1.24696
1.24526
1.24326
1.24096
1.23838
1.23558
1.23268
1.22985
1.22729
1.22517
1.22362
1.22264
1.22212
1.22186
1.22162
1.22118
1.22036
1.21905
1.21723
1.21491
1.21218
1.2092
1.20615
1.2033
1.2009
1.19921
1.19841
1.19857
1.19964
1.20144
1.20375
1.20631
1.20887
1.21124
1.21325
1.21477
1.21567
1.21583
1.21514
1.21349
1.21085
1.20728
1.2031
1.19889
1.19545
1.19358
1.19372
1.19576
1.19908
1.20289
1.20648
1.20944
1.21161
1.213
1.21374
1.21397
1.21382
1.21343
1.21287
1.21222
1.21155
1.21089
1.21028
1.20974
1.20929
1.20893
1.20867
1.20851
1.20845
1.20848
1.20859
1.20878
1.20903
1.20934
1.2097
1.21009
1.21053
1.211
1.2115
1.21204
1.21263
1.21327
1.21397
1.21474
1.21558
1.21652
1.21753
1.21863
1.21979
1.22097
1.22214
1.22321
1.2241
1.22466
1.22474
1.22414
1.22263
1.21997
1.21594
1.21043
1.20349
1.19546
1.18701
1.17908
1.17265
1.1685
1.1669
1.16767
1.17034
1.1744
1.17936
1.18478
1.19023
1.19523
1.19937
1.20234
1.20396
1.20426
1.20349
1.20221
1.20122
1.20139
1.20328
1.20695
1.21191
1.21745
1.2229
1.22782
1.23205
1.23559
1.2385
1.24088
1.24279
1.24431
1.24547
1.24633
1.24693
1.24733
1.24757
1.24771
1.24779
1.24785
1.24792
1.24801
1.24812
1.24824
1.24834
1.24839
1.24835
1.24817
1.24782
1.24728
1.2465
1.24549
1.24426
1.24281
1.2412
1.23948
1.23772
1.23602
1.23449
1.23325
1.23243
1.23217
1.23257
1.23367
1.23543
1.23774
1.24044
1.24333
1.24623
1.24901
1.25158
1.25391
1.25602
1.25794
1.25972
1.2614
1.26299
1.26448
1.26586
1.2671
1.26821
1.2692
1.27016
1.27117
1.27236
1.27382
1.27564
1.27781
1.28026
1.28289
1.28555
1.28808
1.29035
1.29225
1.2937
1.29463
1.29497
1.2947
1.29374
1.29205
1.2896
1.28639
1.28248
1.27803
1.27333
1.26879
1.2649
1.26218
1.261
1.26151
1.26353
1.26664
1.27029
1.27395
1.27724
1.27993
1.28195
1.28331
1.28403
1.28414
1.28364
1.28258
1.28114
1.27968
1.27868
1.27864
1.27988
1.28235
1.28569
1.28937
1.29289
1.2959
1.2982
1.29976
1.30061
1.30084
1.30055
1.29981
1.29871
1.29731
1.29567
1.29383
1.29184
1.28971
1.28751
1.28526
1.28302
1.28086
1.2788
1.27688
1.2751
1.27344
1.27187
1.27037
1.26895
1.26762
1.26642
1.2654
1.2646
1.26406
1.26378
1.26379
1.26408
1.26465
1.26545
1.26639
1.26733
1.26809
1.26847
1.26825
1.26727
1.26543
1.2627
1.25917
1.25504
1.25067
1.2465
1.24307
1.24093
1.24051
1.24205
1.24543
1.25019
1.2557
1.26125
1.26633
1.27059
1.27391
1.2763
1.27787
1.27874
1.27907
1.27898
1.2786
1.27803
1.27736
1.2767
1.27615
1.2758
1.27574
1.276
1.27661
1.27751
1.27862
1.27984
1.28102
1.28205
1.28281
1.28321
1.28322
1.28281
1.28206
1.28108
1.28003
1.27911
1.27848
1.27821
1.27824
1.27839
1.27838
1.27794
1.27684
1.27501
1.27251
1.26961
1.26671
1.26432
1.26294
1.26292
1.26437
1.26713
1.27085
1.27506
1.27936
1.28344
1.28711
1.29028
1.29294
1.29512
1.29681
1.29798
1.29855
1.2984
1.29742
1.29555
1.29287
