0.0  0.00034412436798266264  0.00147580811606551
10.0  0.00042521891213629157  0.001848945216332214
20.0  0.00047572660044548185  0.002082802645989004
30.0  0.000513599313039487  0.002258757506327538
40.0  0.0005406399580679495  0.002386784109196013
50.0  0.0005642349546634613  0.002499386415595621
60.0  0.0005875765273094393  0.002603530776072448
70.0  0.0006020529230147954  0.0026739671183815916
80.0  0.0006206157550663512  0.0027609764041669816
90.0  0.0006343958656766591  0.002825667607588282
100.0  0.0006470658667007874  0.0028798412626060053
110.0  0.0006593877465028996  0.0029381593470647503
120.0  0.0006683142554463842  0.002984742948826462
130.0  0.0006783800098433663  0.003020136304617974
140.0  0.000680728412326517  0.003038759015527861
150.0  0.0006868453129343523  0.0030733120028798183
160.0  0.0006955908115590367  0.003109360289506872
170.0  0.0007072672458449045  0.003153197373610899
180.0  0.0007021607707606349  0.0031441090669221683
190.0  0.0007134738879818617  0.0031853494545823246
200.0  0.0007221599149686236  0.003228565570817136
210.0  0.0007249680810347775  0.0032315922704290916
220.0  0.0007354891464729397  0.00328701766057366
230.0  0.0007335447125366446  0.003275621687740962
240.0  0.0007302558606900661  0.0032811534991329613
250.0  0.0007400810274964106  0.0032962295862442614
260.0  0.0007495430321993881  0.0033573042994003194
270.0  0.0007481321057138824  0.0033599478482599756
280.0  0.0007505148346847973  0.0033581644374368193
290.0  0.0007525127959023948  0.003375693704987934
300.0  0.0007512188492139242  0.0033443105884935174
310.0  0.0007643671775528723  0.0034113501881546963
320.0  0.000754353419403635  0.003350058577963948
330.0  0.0007599372456370046  0.003403371917124704
340.0  0.0007606820879187138  0.0033982175818903153
350.0  0.0007720418841051447  0.0034283996095182488
360.0  0.0007721180984771508  0.003460164115922378
370.0  0.0007622400179461913  0.0034034579190371887
380.0  0.0007800512819338403  0.003492146970140064
390.0  0.0007689851322256396  0.0034531853023477303
400.0  0.0007767850067633624  0.0034669602744224572
410.0  0.0007793801718768218  0.0034804014739156443
420.0  0.000778747060838824  0.003474232587721933
430.0  0.0007761255538102993  0.003461382117023343
440.0  0.0007797553000783122  0.003460801027965232
450.0  0.0007839623226895177  0.003504947318408433
460.0  0.0007816599806987849  0.0035091901366981508
470.0  0.0007872671464111622  0.0035249981880671913
480.0  0.0007928316153014837  0.0035339589114589598
490.0  0.0007897353369844804  0.0035510220105658516
500.0  0.0007887759409268069  0.0035299056629755593
510.0  0.0007869371787244501  0.003479051808383868
520.0  0.0008024500781133778  0.0035457984535076587
530.0  0.0007860239717375183  0.003543813514134666
540.0  0.0007861821650628229  0.003527343421718827
550.0  0.0008033394443278338  0.0035813465871714846
560.0  0.0007827317573007242  0.003492899174956933
570.0  0.0008068844887130104  0.003610481268528153
580.0  0.000795971082120751  0.003549313734160266
590.0  0.0007877093874635706  0.003530785240392877
600.0  0.0008003531012352621  0.0035663611681533295
610.0  0.0008082177840790446  0.0036020697839385333
620.0  0.0007922931723991879  0.003568328519494188
630.0  0.0008012694972974531  0.003588601225913649
640.0  0.0007882559823416687  0.003542004373916518
650.0  0.0008111481902366602  0.0036077033268425074
660.0  0.0007792035032899441  0.0034752573832964487
670.0  0.0007828832051428384  0.0034805000080437567
680.0  0.0008135826571600403  0.003637083140457861
690.0  0.000815646898550021  0.0036012117562987016
700.0  0.0008023885258920374  0.003552134384050743
710.0  0.0008199568370039382  0.0036560715820600467
720.0  0.000803157561086374  0.003569635701402799
730.0  0.0008093550789597565  0.0036315304099348855
740.0  0.0008115451244921236  0.0036354741675383604
750.0  0.0007922811095143286  0.003571388736729685
760.0  0.0008090978323316323  0.003611639252006563
770.0  0.000819137840620993  0.003668274184937046
780.0  0.0008180622239073823  0.003624224274075651
790.0  0.0008292239715884708  0.003687528064808866
800.0  0.000817475525889215  0.0036415252791604695
810.0  0.0008326329293509242  0.0036963006353409027
820.0  0.0008291533436601535  0.0036667010988265126
830.0  0.0008276629810036231  0.003718289396068015
840.0  0.0008238933700548786  0.003649420889082178
850.0  0.0008133577018737858  0.0036165199682373743
860.0  0.0008166406499669981  0.003659249305932112
870.0  0.0008014516277195081  0.003571160035167531
880.0  0.0008031041581636328  0.003596598192191538
890.0  0.0008315295059487908  0.003715717971559193
900.0  0.0008281720129367039  0.003695556751879533
910.0  0.0008248473713452876  0.0036694190100727557
920.0  0.0008144068801712743  0.003621465885634856
930.0  0.00081534279997917  0.0036027735101207456
940.0  0.0008344634382847502  0.003733885162221245
950.0  0.000817575289582767  0.0036474836414660734
960.0  0.0008303652949209263  0.0036989856758224333
970.0  0.0008281009450334142  0.003690761043203545
980.0  0.0008305744458603715  0.003672630754655102
990.0  0.0008060502421903036  0.0035976206357980246
1000.0  0.0008136215325336084  0.003617448177792615
1010.0  0.0008342040644233843  0.0037103367958949644
1020.0  0.0007775054887450395  0.003477632571105808
1030.0  0.000835893998473799  0.003684576363844011
1040.0  0.0008148595960196147  0.0036319451474206826
1050.0  0.0008378646242551165  0.0036944020565742998
1060.0  0.0008223875204304785  0.003687840737231688
1070.0  0.0008148521884260246  0.0036248275602056234
1080.0  0.0008185903377896593  0.003647049889806204
1090.0  0.0008275653691546581  0.003625834811532777
1100.0  0.0008111405222652586  0.003618138273821973
1110.0  0.0008231012510603245  0.0036499210445110957
1120.0  0.000836786105571089  0.0037210602059048765
1130.0  0.0008480113963493008  0.003730368612491883
1140.0  0.0007856911737505973  0.0035220307720852727
1150.0  0.0008413709890556922  0.003738248922322401
1160.0  0.0008392459269330948  0.0037799922681499144
1170.0  0.0008304129789567177  0.0036310900913862705
1180.0  0.0008045697794545943  0.0035639608085872897
1190.0  0.0007957215933886669  0.0035972776639038267
1200.0  0.0008375302187777325  0.0037237331023703517
1210.0  0.0008377137806052626  0.0037281506782041876
1220.0  0.000857045051531946  0.0038474806797363504
1230.0  0.0008375312362461122  0.00377463235261488
1240.0  0.0008303208889730567  0.0037203376718376235
1250.0  0.0008370072170937853  0.003711049054241997
1260.0  0.0008283756218685176  0.0036617027105032467
1270.0  0.0008152300748193278  0.0035972041002359442
1280.0  0.0008260347227288317  0.003617106030732849
1290.0  0.0008239416081000155  0.003673379358395484
1300.0  0.0008351993783198922  0.003730373084281104
1310.0  0.0008390809881103604  0.0037507370616824045
1320.0  0.0008295633342735684  0.003665546774727847
1330.0  0.0008101301423370594  0.003573617472948621
1340.0  0.0007928360161287766  0.0035427942887664545
1350.0  0.0008304038717220839  0.003658905097307101
1360.0  0.0008373058274351562  0.003731192009224544
1370.0  0.0008485005103426085  0.003813774949584187
1380.0  0.0008555038839254239  0.003721591198810806
1390.0  0.0008356283302589229  0.003634407591133782
1400.0  0.000856944238727125  0.003782282906803979
1410.0  0.0007951369816785076  0.0035354918720857283
1420.0  0.0008211904241977284  0.003694207670317622
1430.0  0.000809838918793827  0.003583389984615506
1440.0  0.0008202946866875289  0.0035743083680986392
1450.0  0.0008551215586040808  0.0037254282743357345
1460.0  0.0008731474442708191  0.003844491989075802
1470.0  0.0008432490913229332  0.003755905346256387
1480.0  0.0008279852354617705  0.0036898704920542928
1490.0  0.0008663050424793508  0.003848881334064099
1500.0  0.0008319822813187393  0.0036761682644236193
1510.0  0.0008240385541109092  0.003681959865738386
1520.0  0.0008146189622218888  0.0036378151768566218
1530.0  0.000839719611678891  0.0037849048625530858
1540.0  0.0008276611835764411  0.003690262658536461
1550.0  0.0008439469095415506  0.00375739489531595
1560.0  0.0008586122889385885  0.0038068721554222634
1570.0  0.0008591605307017509  0.00380193811454527
1580.0  0.0008232857593801579  0.0036439166503458302
1590.0  0.0008496954611541398  0.003780425535460147
1600.0  0.0008161269230663833  0.0036243335043918156
1610.0  0.0008367370009919634  0.003756367558825896
1620.0  0.0008437338248484677  0.003714340502622383
1630.0  0.0008564753599872152  0.0038351399725730733
1640.0  0.000815539963036687  0.0035897639901568785
1650.0  0.0008538961577708925  0.0037539298703010812
1660.0  0.0008162344551757801  0.003657874949161085
1670.0  0.0008270319512695421  0.003729959112050538
1680.0  0.0008381342335151621  0.0036881226471632955
1690.0  0.0008469672690518503  0.0037920655172372186
1700.0  0.0008375223177702545  0.0037550285827449223
1710.0  0.0008323024391342768  0.003636191908704395
1720.0  0.0008273483748267395  0.0037246854909506384
1730.0  0.0008522921814252846  0.003796722351972945
1740.0  0.0008143021528073813  0.0036274865401550197
1750.0  0.0008368551276963678  0.0036953956008633714
1760.0  0.0008245856927505346  0.0036943735262144543
1770.0  0.0008005474981630127  0.003569307824959028
1780.0  0.0008365217994533531  0.003746125293739087
1790.0  0.0008549184040233459  0.0038269739341293242
1800.0  0.0008169757750303907  0.0036371685602654786
1810.0  0.0008497073084561946  0.0037727625388899477
1820.0  0.0008258772871718187  0.003657888899884451
1830.0  0.0008236619606437674  0.003670560113128992
1840.0  0.0008209035135951332  0.003628704643743884
1850.0  0.0008390580734418913  0.0037689836356502235
1860.0  0.0008514867357964003  0.003824527073179978
1870.0  0.0008093126275829757  0.003617979613558673
1880.0  0.0008230254920101383  0.0036614274489842687
1890.0  0.0008175395481815152  0.003584364993925966
1900.0  0.0008077714918076237  0.0036209292971923937
1910.0  0.0008037942788143914  0.0036502283987793816
1920.0  0.000827207108354667  0.003707184374758853
1930.0  0.0008364632823523081  0.003755773138914435
1940.0  0.0008252259904622066  0.003731372755748399
1950.0  0.0008276005742794365  0.0037846116896267396
1960.0  0.000794523729028569  0.003572167847287883
1970.0  0.0008366557292279877  0.0037388495169685663
1980.0  0.0008431258510373278  0.0038080723117857743
1990.0  0.0008152875004315324  0.0036788609382860694
2000.0  0.0007886174363747491  0.0035971969045951574
2010.0  0.0008520852028920928  0.0038294864780728196
2020.0  0.000827224705813069  0.0036628599880699424
2030.0  0.0008612777017164856  0.0038462641226028062
2040.0  0.0007775267636216844  0.00345997975782302
2050.0  0.0008051474667449192  0.003552830956080946
2060.0  0.0008259772300382944  0.00361062307800496
2070.0  0.0008815149367728613  0.003887278833201514
2080.0  0.0008250168642922374  0.003608044345794918
2090.0  0.0008570352823727275  0.0037951793789632563
2100.0  0.0008781940072220907  0.0038487887987859767
2110.0  0.0008376039879251972  0.00370071558556703
2120.0  0.0008261387786040554  0.003677639273507323
2130.0  0.0008362160497109149  0.0037826584635119224
2140.0  0.0008074672139402415  0.0035624727751538054
2150.0  0.000812027787903284  0.0036368010317575365
2160.0  0.0008351172003363861  0.0037504942378294003
2170.0  0.0008537324218910058  0.0038272762620133313
2180.0  0.0008239703708700833  0.0037315945199723243
2190.0  0.0008036744821120656  0.003594182623960942
2200.0  0.0008219412286111174  0.0037037810269515215
2210.0  0.0008253084889388262  0.003674285401513382
2220.0  0.0008419978061144355  0.003740825849368806
2230.0  0.0008086938866402154  0.0036309628583347446
2240.0  0.000806393538965562  0.00357775783279544
2250.0  0.0008052061562509002  0.0036592640564182244
2260.0  0.0008242168341939756  0.0036539259478680047
2270.0  0.0008354878933285042  0.0036721081242362414
2280.0  0.0008227540258356483  0.0037450186372021757
2290.0  0.0008088748089877073  0.0035939520774372897
2300.0  0.0008474497669485224  0.0038016548459320664
2310.0  0.0008366345580266422  0.0036998470579875315
2320.0  0.0008278327303082395  0.003688720027412288
2330.0  0.0008300342357184276  0.003700320361047689
2340.0  0.000830607474338477  0.0036694862537058302
2350.0  0.0008380626905601553  0.003701396513377974
2360.0  0.0008407849648152333  0.003734887717630607
2370.0  0.0007922444647123227  0.003557213170523529
2380.0  0.0008351443759090772  0.0037630800942959324
2390.0  0.0008403453546456612  0.0037580628407954887
2400.0  0.0008264291992435789  0.0035798273062356773
2410.0  0.0007976210242792717  0.0036345958691773564
2420.0  0.0008444609683599523  0.003764358045660939
2430.0  0.0008083939477587207  0.003677474489810326
2440.0  0.0008079135820402094  0.0036320745821890304
2450.0  0.0008525929318171081  0.0037912399889192014
2460.0  0.0008175932942228013  0.0036587379340696107
2470.0  0.0008372152451904079  0.0037590350871876746
2480.0  0.0008334679476302509  0.0036770045169667634
2490.0  0.0008158535044743325  0.0036813960061529067
2500.0  0.0008415842451674556  0.003741634362595051
2510.0  0.0008418925337420479  0.00369848658252052
2520.0  0.0008198937558407199  0.0035883103098958273
2530.0  0.0008484309031372634  0.003698442247543396
2540.0  0.0008416196048287433  0.003746139992851451
2550.0  0.0008358097785876156  0.0036922714486132806
2560.0  0.0008132877432264554  0.0036351268254500167
2570.0  0.0008124921527910369  0.0036498442173532107
2580.0  0.0008506377625237552  0.003786564827829045
2590.0  0.0008402996803386798  0.0037019414089700204
2600.0  0.0008194369751061341  0.0036141137143939684
2610.0  0.0008590848831273828  0.0037915586598784934
2620.0  0.000818548928436442  0.0036369208378973167
2630.0  0.0008329921623848898  0.0037735874969571123
2640.0  0.0008323338923572061  0.0037301023541969364
2650.0  0.0008358101895804202  0.0036759881611220643
2660.0  0.0008421421424372515  0.0037980683716043223
2670.0  0.0008651581229982352  0.003760285727962661
2680.0  0.0008443355153340044  0.0037455218601494603
2690.0  0.0008197959684089972  0.003661332955643056
2700.0  0.0008479282330875993  0.003796177975531935
2710.0  0.000799432721958667  0.0035872098228606395
2720.0  0.000784920665286164  0.003564171531622985
2730.0  0.0008007968547204558  0.0035932570742757204
2740.0  0.0008051165935940545  0.003533744967577709
2750.0  0.0008074655052254901  0.0036489272108176846
2760.0  0.0008355396124386308  0.00365463927436226
2770.0  0.0007992561769163149  0.003554115605640632
2780.0  0.0008237708389317622  0.0036308014370412165
2790.0  0.0008150093748348017  0.003612445521996345
2800.0  0.0008214935877979453  0.0036950373791137287
2810.0  0.0008163028775758036  0.003613407055921665
2820.0  0.0008211584636548234  0.0037042000131026374
2830.0  0.0007774332250061638  0.0034705903130863736
2840.0  0.000844612792098821  0.003716604171951592
2850.0  0.0007981809377823981  0.0035954537995010797
2860.0  0.0008590404741055963  0.003910531145688152
2870.0  0.0007794510358671051  0.0034992178194417477
2880.0  0.0008359479698661823  0.003674632862409861
2890.0  0.0008247121458877977  0.0036077054410031148
2900.0  0.0008378959894522808  0.0037463929482798902
2910.0  0.0008592647925063825  0.0038204814970625974
2920.0  0.0008256056733253913  0.0037137484585881737
2930.0  0.0008225882802476588  0.003666592664634592
2940.0  0.0008341260859493602  0.0037016384201033876
2950.0  0.0008388568416496647  0.0037579707663811237
2960.0  0.0008142948735513338  0.0036480626302116403
2970.0  0.0008628504544288949  0.003774728429115631
2980.0  0.0008311282960585441  0.0036108342247390102
2990.0  0.0008508657430652528  0.003836595715780006
3000.0  0.0008114828395491652  0.0036078772944505666
3010.0  0.0007825388954454874  0.0034621773731687375
3020.0  0.0008132605895542838  0.0036606769790125167
3030.0  0.0008559007787183482  0.003802400384315867
3040.0  0.0008495073689654231  0.003710614052769879
3050.0  0.0007862373163265495  0.003495296852959885
3060.0  0.0008408575294498355  0.003616262903246294
3070.0  0.0008151954310642888  0.003623183114233317
3080.0  0.0007940129310312807  0.0035898311157841582
3090.0  0.0008336074633370064  0.0037127008163128105
3100.0  0.0008182846071123994  0.0036383630758996524
3110.0  0.0008612448129726611  0.0038127233338233063
3120.0  0.0008096405183296879  0.003637526191352198
3130.0  0.000783709913487605  0.0035476760864659087
3140.0  0.000825103373682865  0.0037128432921225
3150.0  0.0008349813825914353  0.0036351276435885632
3160.0  0.0008096892080865974  0.0036487636903928915
3170.0  0.0007776075420299382  0.003479839448856001
3180.0  0.00085293439320476  0.003791924589520063
3190.0  0.0008042595040594546  0.003590111345949241
3200.0  0.0008153598149480939  0.003708157677492957
3210.0  0.0007772045243171648  0.003462905913716967
3220.0  0.0008098226346264694  0.003601670056224218
3230.0  0.0008164072738619999  0.0035607005610512102
3240.0  0.0008151063630985911  0.0036130903180846856
3250.0  0.0008305999426605535  0.0037079255755930263
3260.0  0.0008237111221430245  0.0036639871832666103
3270.0  0.0008439929044873366  0.0037754146245869004
3280.0  0.0008114544057237792  0.0035046687501314017
3290.0  0.0008576691497996241  0.00379592626127713
3300.0  0.0007977318125282409  0.003608967266945498
3310.0  0.0007734923385180807  0.0033779598765679435
3320.0  0.0008129486349169694  0.003652645531873408
3330.0  0.0007973279824099764  0.0035789501246211966
3340.0  0.0008505121401677864  0.003775389926986458
3350.0  0.0008706435602313014  0.0038503156772683616
3360.0  0.0008376147820214385  0.003687788681835701
3370.0  0.0008524240061711215  0.0037530004849255687
3380.0  0.000856671958671623  0.0038564022058319106
3390.0  0.0008470568497881279  0.0038367877009911648
3400.0  0.0008348838141685102  0.0037038949782436273
3410.0  0.0008613838967798492  0.003793937783311832
3420.0  0.0008341259482688693  0.003763431098037219
3430.0  0.0008503819012126528  0.0037573220869773875
3440.0  0.0008645579317072816  0.003853422504054778
3450.0  0.0007883510148427788  0.0036345815223906455
3460.0  0.0008075619698593589  0.003631844186777689
3470.0  0.0008502763514082886  0.003731992399870587
3480.0  0.0007943401310670078  0.0034933183349253726
3490.0  0.0008079190378582779  0.003600392350455005
3500.0  0.0008567142793600023  0.0038457134981351175
3510.0  0.0008483935623801299  0.0037985065323634494
3520.0  0.0008055194246679581  0.0035913227466648125
3530.0  0.0008294214783411898  0.0036533392357892464
3540.0  0.0008391724661515667  0.0036579230525162006
3550.0  0.0008213431569775312  0.0036132744574973227
3560.0  0.0008648747342381732  0.003767663067035284
3570.0  0.0008319075928526461  0.0037130803324688347
3580.0  0.0008631334709118218  0.003762180412296281
3590.0  0.0008421325308036847  0.0037120917228154627
3600.0  0.0008548547171922617  0.0037304229894845843
3610.0  0.0008449421934288883  0.003794562561303185
3620.0  0.0008270754442774554  0.0037885095198335558
3630.0  0.0008203671988452613  0.0036354503270412844
3640.0  0.0008258787238402497  0.003671376072780886
3650.0  0.0008571441752312671  0.0038211747987987434
3660.0  0.0008452573079547239  0.003764441221683764
3670.0  0.0008321315227144094  0.0037163659342242753
3680.0  0.0008128845536195012  0.0036317326856723396
3690.0  0.000811635715619632  0.0035468772589492365
3700.0  0.0008774715414364738  0.003870208584946116
3710.0  0.0008326995245610395  0.00365023144172096
3720.0  0.0008148450223650554  0.0036088640450428963
3730.0  0.0008569891919166028  0.0038469158002437413
3740.0  0.0007684067498890431  0.0035230618567906576
3750.0  0.0008031560055604423  0.003632979169012123
3760.0  0.0008386991354837475  0.003719067201245889
3770.0  0.0007921460734111966  0.0035134927136468534
3780.0  0.0008122255386379518  0.0036384320895398057
3790.0  0.0008292975429257142  0.0036398701253621078
3800.0  0.0008665164322096022  0.003815749590699159
3810.0  0.000874293326352941  0.003865643899849701
3820.0  0.0008751909903434797  0.003803719228236536
3830.0  0.0008294188530399526  0.0036717660551319484
3840.0  0.0008217898329182205  0.0037505632697584176
3850.0  0.0008463611105797987  0.0038079896321902896
3860.0  0.0008261456584497983  0.0035853374273274122
3870.0  0.0008171110742926594  0.003581840529752112
3880.0  0.0008274102957611804  0.0036220746708979525
3890.0  0.0008144845954562146  0.003576341714427365
3900.0  0.0007870792380005872  0.003529984491966936
3910.0  0.0008465110609514599  0.0038999257508588927
3920.0  0.0008806784730962298  0.003931842693351938
3930.0  0.0008115549773604296  0.0035498739684185327
3940.0  0.0007645066517081604  0.003358393784738763
3950.0  0.0008231406330801904  0.0036490186518214774
3960.0  0.0008798148287604519  0.003898935521225867
3970.0  0.0008323063266367606  0.0036817832131228645
3980.0  0.000793656207707435  0.0033867049946194583
3990.0  0.0008663850899332829  0.003825776251295611
4000.0  0.0008512035004658299  0.0038227983239825527
4010.0  0.0007844428516080961  0.0035509368918729012
4020.0  0.0007961605593903255  0.0034545482290146796
4030.0  0.0009017179228592452  0.003911775034989395
4040.0  0.0008907048971301994  0.0038595738266599972
4050.0  0.0008213661454572356  0.0036184569563969403
4060.0  0.0008303619994442441  0.003627274916827348
4070.0  0.0008857192038521674  0.0038780509438287292
4080.0  0.0008891009138235598  0.003854435877541796
4090.0  0.0008506852089876297  0.0037301538145182328
4100.0  0.0008492896359228093  0.003814873291592907
4110.0  0.0008112479309516163  0.0036193293029562743
4120.0  0.0008129087796000867  0.0036340370682576457
4130.0  0.0008506740412419658  0.003681954104896909
4140.0  0.0008321613930451949  0.0036400493057748462
4150.0  0.0008625215939836576  0.003767623591755247
4160.0  0.0008480261197512883  0.0038115505167637667
4170.0  0.0008961532215921841  0.003936776776573862
4180.0  0.0008506763393880202  0.0037277599127651076
4190.0  0.0008370742226879413  0.0035751665904523366
4200.0  0.0008235263636401472  0.003615253985744317
4210.0  0.0008928319642337813  0.003983206657117229
4220.0  0.0008600165386076453  0.0037697927512078035
4230.0  0.0008167687067943383  0.0035441265905688008
4240.0  0.0008186366654459551  0.0036151905265662063
4250.0  0.0008170601474111296  0.003680569469066866
4260.0  0.0008308846515743396  0.00368413200183218
4270.0  0.0008220043519813177  0.003634280175562553
4280.0  0.0008387791242811703  0.003646012489030441
4290.0  0.000828332484747502  0.0036537373403301714
4300.0  0.0008462578864362051  0.003750343875680253
4310.0  0.0008438928898090154  0.0037622509245696573
4320.0  0.000825196818020138  0.0036967168160639127
4330.0  0.0008266309527792458  0.0036592629125597105
4340.0  0.0008356826140744848  0.003638682951581301
4350.0  0.0008692754213796196  0.0038264501128725367
4360.0  0.0007878333105270854  0.0034736905981035435
4370.0  0.0007892557550611687  0.0035330079815091326
4380.0  0.0007950723039032857  0.003580099587637302
4390.0  0.0007900882504313529  0.003568726159321341
4400.0  0.0008898003181758647  0.0038907366561339034
4410.0  0.0008032844122186376  0.003573971643875963
4420.0  0.0008061958159768233  0.0035324732596546627
4430.0  0.000842597805471077  0.0037209577502495873
4440.0  0.0008609678826529048  0.0037279315304858222
4450.0  0.0009098112351697111  0.004076277534056565
4460.0  0.0008420856760756295  0.003735768030144832
4470.0  0.0008057511018151318  0.0035320224014786347
4480.0  0.0008273486285050541  0.0036056703918646285
4490.0  0.0008814270892579594  0.003932637200905883
4500.0  0.0009519453468719394  0.004270868659313901
4510.0  0.000854324653662321  0.003791741001647349
4520.0  0.0008620004184082533  0.003718723798639229
4530.0  0.0008012258842837219  0.0035243878083536617
4540.0  0.0008479665420112256  0.0037391936609002473
4550.0  0.000872107185546457  0.003905468052235673
4560.0  0.0008378223916409326  0.003705521829783307
4570.0  0.0008348399875930753  0.00373962458546336
4580.0  0.0008089690600448852  0.00360453167739911
4590.0  0.0008344557927000162  0.003652072912094206
4600.0  0.0008172604015636061  0.0036692102372379823
4610.0  0.0008492200722123931  0.003841195075682685
4620.0  0.000834151664597022  0.003737940923073212
4630.0  0.000852753999616536  0.003726855888152913
4640.0  0.0008435669068632816  0.00364547732716709
4650.0  0.0008831773644620247  0.0038375562353113097
4660.0  0.0008581662166249145  0.003780347541081885
4670.0  0.0008874594830877269  0.003928689292788789
4680.0  0.0008342021232806452  0.0037110013272122966
4690.0  0.0008227251572950628  0.0036289715021097474
4700.0  0.0008025907238717754  0.003553564468149492
4710.0  0.0008462263982920658  0.0036785114101787774
4720.0  0.0008308984869441201  0.0036755062604385395
4730.0  0.0008329120572066048  0.0036506909665538914
4740.0  0.0008445165615120976  0.0036958679624341426
4750.0  0.0008263854023123418  0.003657330726730773
4760.0  0.0008529284201023938  0.003713611896085793
4770.0  0.0008448917393397016  0.0037732680502631155
4780.0  0.0008428562207016987  0.0037075288237711627
4790.0  0.0008676044656578204  0.0038998346825769546
4800.0  0.0008376092379145916  0.0037158882567282564
4810.0  0.0008230342712536652  0.0035840433626261412
4820.0  0.0008085534206112347  0.003571121311111185
4830.0  0.0008347132960904492  0.0036995213578257143
4840.0  0.0008782920040655894  0.0038422343754839724
4850.0  0.0008587893037688844  0.003712057914193809
4860.0  0.0008388680145752123  0.003581844113791409
4870.0  0.0008061746956891494  0.003575924706610781
4880.0  0.0007971507363675367  0.0035145368556096616
4890.0  0.0008565310759759632  0.0037847118434979534
4900.0  0.00088656761013963  0.003945848643971149
4910.0  0.000885841869162573  0.003931718752584869
4920.0  0.0008493417569252342  0.0037385226826327556
4930.0  0.0008164944510418342  0.003576168448643231
4940.0  0.000800627528057822  0.003575093847385442
4950.0  0.0008633521604737663  0.0038678581457387284
4960.0  0.0008679731341307563  0.003902957572736957
4970.0  0.0008355206671679694  0.003771212067327181
4980.0  0.0008411782090220951  0.0037612734361365035
