    0    0    0
    0.0256496    0    0
    0.0512993    0    0
    0.0769489    0    0
    0.102599    0    0
    0.128248    0    0
    0.153898    0    0
    0.179547    0    0
    0.205197    0    0
    0.230847    0    0
    0.256496    0    0
    0.282146    0    0
    0.307796    0    0
    0.333445    0    0
    0.359095    0    0
    0.384745    0    0
    0.410394    0    0
    0.436044    0    0
    0.461694    0    0
    0.487343    0    0
    0.512993    0    0
    0.538642    0    0
    0.564292    0    0
    0.589942    0    0
    0.615591    0    0
    0.641241    0    0
    0.666891    0    0
    0.69254    0    0
    0.71819    0    0
    0.74384    0    0
    0.769489    0    0
    0.795139    0    0
    0.820788    0    0
    0.846438    1.36166e-05    2.55653e-06
    0.872088    0.00128699    2.34127e-05
    0.897737    0.0241763    0.000110998
    0.923387    0.165119    0.000365813
    0.949037    0.563652    0.000831513
    0.974686    1.20302    0.00116617
    1.00034    1.86344    0.00126807
    1.02599    2.33869    0.00119443
    1.05164    2.55326    0.000816425
    1.07728    2.54984    0.000965692
    1.10293    2.40748    0.000971692
    1.12858    2.19786    0.00100996
    1.15423    1.97234    0.00100892
    1.17988    1.75436    0.00109826
    1.20553    1.55845    0.000876721
    1.23118    1.38923    0.000793614
    1.25683    1.24422    0.000751843
    1.28248    1.12487    0.000728007
    1.30813    1.02311    0.00067246
    1.33378    0.941182    0.000589068
    1.35943    0.872697    0.000511933
    1.38508    0.817101    0.000492421
    1.41073    0.772392    0.000475887
    1.43638    0.737319    0.00056079
    1.46203    0.710266    0.000489358
    1.48768    0.691201    0.000516552
    1.51333    0.678221    0.000521228
    1.53898    0.672268    0.00056601
    1.56463    0.671026    0.000557863
    1.59028    0.67584    0.000538303
    1.61593    0.686133    0.000570761
    1.64158    0.701901    0.000497686
    1.66723    0.723375    0.000486034
    1.69288    0.74982    0.000415616
    1.71853    0.780343    0.000450942
    1.74418    0.815837    0.000479014
    1.76983    0.854045    0.00049922
    1.79547    0.894348    0.000474774
    1.82112    0.935652    0.000466144
    1.84677    0.977936    0.000457282
    1.87242    1.01844    0.000469907
    1.89807    1.05866    0.000469975
    1.92372    1.09595    0.000465717
    1.94937    1.13066    0.000408332
    1.97502    1.16216    0.000442671
    2.00067    1.18589    0.000404991
    2.02632    1.20425    0.000446295
    2.05197    1.2136    0.00039108
    2.07762    1.21511    0.000441241
    2.10327    1.2085    0.000417501
    2.12892    1.19429    0.000462695
    2.15457    1.17434    0.000478896
    2.18022    1.15013    0.000471594
    2.20587    1.12306    0.000437997
    2.23152    1.09538    0.00038592
    2.25717    1.06647    0.000441933
    2.28282    1.03875    0.000448613
    2.30847    1.01211    0.000377003
    2.33412    0.987915    0.000401915
    2.35977    0.966127    0.000394473
    2.38542    0.94696    0.00038667
    2.41107    0.931265    0.0004166
    2.43672    0.918421    0.000385574
    2.46237    0.90871    0.000419536
    2.48802    0.894883    0.000372531
    2.51366    0.88584    0.000406132
    2.53931    0.885683    0.000424815
