           1     1.42492     1.42492           0
           2     1.33474     1.37983    0.045087
           3     1.42418     1.39461   0.0299357
           4     1.43882     1.40566   0.0238793
           5     1.37707     1.39994    0.019361
           6     1.42811     1.40464   0.0164905
           7     1.41856     1.40663   0.0140782
           8     1.42426     1.40883   0.0123897
           9     1.36591     1.40406   0.0119223
          10     1.30468     1.39412   0.0145766
          11      1.4026     1.39489   0.0132075
          12     1.35001     1.39115   0.0126236
          13     1.42436     1.39371   0.0118897
          14     1.31695     1.38823   0.0122975
          15     1.35598     1.38608   0.0116484
          16     1.37725     1.38552     0.01091
          17     1.41392      1.3872   0.0103834
          18     1.37695     1.38663   0.0098061
          19     1.31966      1.3831  0.00992263
          20     1.40747     1.38432  0.00949195
          21     1.45311      1.3876  0.00960452
          22     1.41228     1.38872  0.00922602
          23     1.39924     1.38918  0.00882763
          24      1.3932     1.38934  0.00845347
          25     1.49838      1.3937  0.00920687
          26     1.47944       1.397  0.00944038
          27     1.38302     1.39648  0.00909875
          28     1.33062     1.39413  0.00907782
          29     1.35959     1.39294  0.00883982
          30     1.39434     1.39299   0.0085402
          31     1.39506     1.39305  0.00826039
          32     1.43142     1.39425  0.00808747
          33     1.32955     1.39229  0.00808004
          34     1.40914     1.39279  0.00785444
          35     1.44418     1.39426  0.00776678
          36     1.32968     1.39246   0.0077582
          37     1.42482     1.39334  0.00759611
          38     1.41649     1.39395  0.00741857
          39      1.3852     1.39372  0.00722933
          40     1.45141     1.39516  0.00719235
          41       1.403     1.39536  0.00701733
          42      1.4405     1.39643  0.00693205
          43     1.43141     1.39724  0.00681762
          44     1.40042     1.39732  0.00666126
          45     1.33307     1.39589  0.00666622
          46     1.39256     1.39582  0.00652009
          47     1.43319     1.39661  0.00642923
          48     1.42427     1.39719  0.00632018
          49     1.35904     1.39641  0.00623863
          50      1.4053     1.39659  0.00611517
          51     1.41717     1.39699  0.00600763
          52      1.3825     1.39671  0.00589756
          53     1.40791     1.39692  0.00578907
          54     1.47302     1.39833    0.005853
          55     1.43229     1.39895  0.00577868
          56     1.28912     1.39699  0.00600392
          57      1.3831     1.39674  0.00590267
          58     1.43952     1.39748  0.00584671
          59     1.41993     1.39786  0.00575934
          60     1.37494     1.39748  0.00567541
          61     1.39029     1.39736  0.00558284
          62     1.41555     1.39766  0.00549989
          63     1.45949     1.39864  0.00550018
          64     1.42992     1.39913  0.00543558
          65      1.4247     1.39952  0.00536574
          66     1.36642     1.39902  0.00530756
          67     1.34807     1.39826  0.00528275
          68     1.43944     1.39886   0.0052396
          69     1.40385     1.39894  0.00516361
          70     1.36365     1.39843  0.00511421
          71      1.4231     1.39878  0.00505363
          72      1.4209     1.39909  0.00499241
          73     1.37315     1.39873  0.00493634
          74     1.36915     1.39833  0.00488556
          75     1.45985     1.39915  0.00488927
          76     1.39203     1.39906  0.00482542
          77     1.35759     1.39852  0.00479269
          78     1.41225      1.3987  0.00473412
          79     1.39396     1.39864   0.0046742
          80     1.38813      1.3985  0.00461727
          81     1.44301     1.39905   0.0045929
          82     1.44406      1.3996  0.00456963
          83      1.4206     1.39986  0.00452132
          84     1.31671     1.39887  0.00457551
          85     1.32907     1.39804  0.00459531
          86     1.37711      1.3978  0.00454808
          87     1.41012     1.39794  0.00449773
          88     1.44269     1.39845  0.00447531
          89     1.39042     1.39836  0.00442566
          90     1.37429     1.39809  0.00438437
          91      1.3344     1.39739  0.00439206
          92     1.44005     1.39786  0.00436873
          93     1.37216     1.39758  0.00433032
          94       1.432     1.39795  0.00429963
          95     1.44821     1.39848  0.00428691
          96     1.46339     1.39915  0.00429557
          97     1.45361     1.39971  0.00428796
          98     1.37033     1.39941  0.00425456
          99     1.39792      1.3994  0.00421139
         100     1.37546     1.39916  0.00417593
