           1    -5.45841    -5.45841           0
           2    -5.48005    -5.46923    0.010819
           3    -5.46476    -5.46774  0.00642134
           4    -5.45437     -5.4644  0.00563823
           5    -5.47034    -5.46559  0.00452608
           6    -5.46007    -5.46467  0.00380814
           7    -5.46368    -5.46453  0.00322152
           8    -5.45771    -5.46367  0.00291718
           9    -5.46948    -5.46432  0.00265225
          10    -5.47945    -5.46583  0.00281397
          11    -5.46153    -5.46544  0.00257515
          12    -5.47056    -5.46587  0.00238924
          13    -5.45934    -5.46537  0.00225435
          14    -5.47979     -5.4664  0.00232756
          15      -5.474     -5.4669  0.00222539
          16    -5.47031    -5.46712  0.00209254
          17    -5.45956    -5.46667  0.00201528
          18    -5.47085     -5.4669  0.00191416
          19    -5.47346    -5.46725  0.00184317
          20    -5.46024     -5.4669  0.00178336
          21    -5.45348    -5.46626  0.00181264
          22    -5.46156    -5.46605  0.00174142
          23    -5.46368    -5.46594  0.00166716
          24     -5.4645    -5.46588  0.00159731
          25    -5.44442    -5.46503  0.00175615
          26     -5.4456    -5.46428  0.00184528
          27    -5.46864    -5.46444  0.00178297
          28    -5.48005      -5.465  0.00180632
          29    -5.47269    -5.46526  0.00176297
          30    -5.46262    -5.46517  0.00170546
          31      -5.462    -5.46507  0.00165271
          32    -5.45856    -5.46487  0.00161311
          33    -5.47763    -5.46526   0.0016106
          34    -5.46331     -5.4652  0.00156356
          35    -5.45603    -5.46494  0.00154068
          36     -5.4758    -5.46524  0.00152739
          37    -5.45194    -5.46488  0.00152838
          38    -5.45989    -5.46475   0.0014934
          39    -5.46672     -5.4648  0.00145548
          40    -5.45646    -5.46459  0.00143385
          41    -5.46148    -5.46451   0.0014005
          42    -5.46011    -5.46441  0.00137076
          43    -5.45827    -5.46427  0.00134609
          44    -5.46127     -5.4642   0.0013169
          45    -5.47316     -5.4644   0.0013026
          46    -5.46667    -5.46445  0.00127493
          47    -5.45787    -5.46431  0.00125533
          48    -5.45714    -5.46416  0.00123795
          49    -5.46906    -5.46426  0.00121654
          50    -5.46055    -5.46418  0.00119427
          51    -5.45823    -5.46407  0.00117643
          52    -5.46186    -5.46402  0.00115437
          53    -5.46581    -5.46406  0.00113288
          54    -5.45023     -5.4638  0.00114081
          55    -5.46022    -5.46374  0.00112177
          56    -5.48583    -5.46413  0.00117005
          57    -5.46449    -5.46414  0.00114936
          58    -5.45706    -5.46401  0.00113594
          59    -5.45881    -5.46393  0.00111999
          60    -5.47121    -5.46405  0.00110784
          61     -5.4603    -5.46399  0.00109126
          62    -5.46008    -5.46392  0.00107536
          63    -5.45161    -5.46373  0.00107606
          64    -5.45822    -5.46364   0.0010626
          65      -5.459    -5.46357  0.00104856
          66    -5.46872    -5.46365  0.00103549
          67    -5.47683    -5.46385  0.00103872
          68    -5.45433    -5.46371  0.00103285
          69     -5.4642    -5.46371   0.0010178
          70    -5.47264    -5.46384  0.00101122
          71    -5.45933    -5.46378 0.000998898
          72    -5.45753    -5.46369 0.000988744
          73    -5.46962    -5.46377 0.000978484
          74    -5.47067    -5.46386  0.00096966
          75    -5.45279    -5.46372 0.000967968
          76    -5.47132    -5.46382 0.000960374
          77    -5.47285    -5.46393 0.000955045
          78      -5.462    -5.46391 0.000943048
          79    -5.46246    -5.46389 0.000931214
          80    -5.46828    -5.46395 0.000921137
          81    -5.45507    -5.46384 0.000916266
          82    -5.45298     -5.4637 0.000914651
          83    -5.45828    -5.46364 0.000905922
          84     -5.4791    -5.46382 0.000913791
          85     -5.4798    -5.46401 0.000922325
          86    -5.47005    -5.46408 0.000914236
          87    -5.46275    -5.46407 0.000903796
          88    -5.45756    -5.46399  0.00089652
          89    -5.46238    -5.46397 0.000886574
          90    -5.46752    -5.46401 0.000877552
          91    -5.47826    -5.46417  0.00088186
          92    -5.45638    -5.46408  0.00087632
          93    -5.47169    -5.46417 0.000870691
          94    -5.45693    -5.46409 0.000864812
          95    -5.45595      -5.464 0.000859942
          96    -5.45491    -5.46391 0.000856194
          97    -5.45349     -5.4638 0.000854104
          98    -5.47031    -5.46387 0.000847952
          99    -5.46506    -5.46388  0.00083943
         100    -5.46696    -5.46391 0.000831563
