0.0  0.00013836770094448596  8.998239777297708e-07
10.0  0.00014959663811819784  9.222622391622953e-07
20.0  0.00015370491526168163  9.334114051338689e-07
30.0  0.00015568982140728876  9.399325294160591e-07
40.0  0.00015704087044737412  9.444655498523511e-07
50.0  0.0001579062459083331  9.390216564777224e-07
60.0  0.00015868368712433712  9.423170036928518e-07
70.0  0.00015831225714939306  9.324798078640387e-07
80.0  0.00015788326094541192  9.384695625412961e-07
90.0  0.0001577842108083101  9.409297250528787e-07
100.0  0.0001592255423900243  9.40011172945972e-07
110.0  0.00016028551405498955  9.37842971138326e-07
120.0  0.00015753995417924364  9.291072261480055e-07
130.0  0.00016099856929087988  9.490343757353045e-07
140.0  0.0001611534622437685  9.352872745251518e-07
150.0  0.00015895622127153012  9.22421146054164e-07
160.0  0.00015939749101548893  9.27456772226719e-07
170.0  0.0001593874236414457  9.228071860595875e-07
180.0  0.00016025950584700642  9.286718897667789e-07
190.0  0.00015933882773945063  9.394944786668823e-07
200.0  0.00016042350172538973  9.160328918381764e-07
210.0  0.00015912686336391803  9.219421921712217e-07
220.0  0.0001607550830976373  9.30165416190226e-07
230.0  0.0001614316296251736  9.31551734237114e-07
240.0  0.00016167137126165716  9.25336565861817e-07
250.0  0.00015805750589632371  9.286668653110788e-07
260.0  0.00016123415707755147  9.17460532487184e-07
270.0  0.000162268480570483  9.354373708190794e-07
280.0  0.00015953674764266503  9.279766062356357e-07
290.0  0.00016132751257751348  9.367887030134521e-07
300.0  0.00016233286390884293  9.516939565656634e-07
310.0  0.00016108258536840636  9.22638173270127e-07
320.0  0.00015974901877331078  9.435968910053015e-07
330.0  0.0001584348688289895  9.362602774286163e-07
340.0  0.0001604399446613113  9.259185614903022e-07
350.0  0.00015937148980492278  9.257107559361881e-07
360.0  0.00015767448916824251  9.246140382994616e-07
370.0  0.00016116557181360952  9.450435215724759e-07
380.0  0.0001581963492365881  9.154707323187078e-07
390.0  0.00015974959747977967  9.495015590787646e-07
400.0  0.00015648120538626958  9.186826592166013e-07
410.0  0.00016172299267133814  9.250861102664276e-07
420.0  0.00016194310729339222  9.313131911667148e-07
430.0  0.00015982459123922433  9.219521776593794e-07
440.0  0.00016240677844751416  9.277742488971631e-07
450.0  0.00015885985230841944  9.345618183209353e-07
460.0  0.00015616106014264391  9.348286712086234e-07
470.0  0.00016173045748405434  9.51649305830779e-07
480.0  0.00015889577171828597  9.643677946940932e-07
490.0  0.0001604614293125001  9.376169255535457e-07
500.0  0.0001589324645745489  9.441010436014359e-07
510.0  0.00016163467359516995  9.263677880786791e-07
520.0  0.0001605703432394409  9.351154857082717e-07
530.0  0.00016277892785107194  9.189531121122179e-07
540.0  0.00015990170608818868  9.503737399798352e-07
550.0  0.00016163538519964647  9.214542259201546e-07
560.0  0.00016048243571424508  9.438740201602898e-07
570.0  0.00015976285751823617  9.33236974812468e-07
580.0  0.00015877802081561685  9.33512363235851e-07
590.0  0.00016371739325148036  9.509839785894572e-07
600.0  0.00016284740642677278  9.141357511775144e-07
610.0  0.00016117446380165852  9.259131743391753e-07
620.0  0.00016052249339195882  9.237207652458195e-07
630.0  0.00015480188521026263  9.348294388112918e-07
640.0  0.0001567765402405132  9.328401423378165e-07
650.0  0.00015633635312697287  9.20698123051664e-07
660.0  0.00015926142061820393  9.296666329126016e-07
670.0  0.0001600294801781259  9.451963868716583e-07
680.0  0.00015909237668493658  9.563939398902056e-07
690.0  0.00016247659808757016  9.424205168177688e-07
700.0  0.0001636248608264048  9.324975261570083e-07
710.0  0.00015599613333160575  9.364797716886172e-07
720.0  0.00015611939313526802  9.543230987469544e-07
730.0  0.00016010990931932106  9.294554849275066e-07
740.0  0.00016059258974952348  9.394944769667521e-07
750.0  0.0001666462625303613  9.550209506841597e-07
760.0  0.00016195565565838333  9.233799132276852e-07
770.0  0.00015892123644320894  9.321435530933248e-07
780.0  0.0001616199790351582  9.318642173442324e-07
790.0  0.00015933391834500722  9.474580400493508e-07
800.0  0.00016017645218298647  9.50517782839527e-07
810.0  0.00015232677526701992  9.092904595971575e-07
820.0  0.00015719125472092962  9.33084012775618e-07
830.0  0.00016356369321121947  9.436011859737919e-07
840.0  0.00016699138194741525  9.304736294038356e-07
850.0  0.00016046998817600332  9.732008740167213e-07
860.0  0.00015944688581737674  9.293100358256323e-07
870.0  0.00016293432792794212  9.481063542760971e-07
880.0  0.0001589957992702467  9.278226946999684e-07
890.0  0.00016379421032248446  9.497872455682234e-07
900.0  0.00015590219567001676  9.512056120704932e-07
910.0  0.00015934448126565115  9.527263724205077e-07
920.0  0.0001552863233706298  9.509562479441798e-07
930.0  0.0001590163014917125  9.311691930693182e-07
940.0  0.00016168640211802675  9.30631856374975e-07
950.0  0.00015995269751494653  9.289767908347678e-07
960.0  0.0001549117877608919  9.412480451570741e-07
970.0  0.0001588408676528228  9.4719169560627e-07
980.0  0.00015817648990924208  9.397723852544654e-07
990.0  0.00016073594035812382  9.397816116984898e-07
1000.0  0.00015779596538997913  9.331606910888069e-07
1010.0  0.000158011852906753  9.519257819877444e-07
1020.0  0.00015947965242415596  9.317835752494555e-07
1030.0  0.00015654430423761684  9.543019739826827e-07
1040.0  0.00015823703970027915  9.443602600847953e-07
1050.0  0.00016214050594073553  9.624347918820188e-07
1060.0  0.00015904800370140814  9.421272150348967e-07
1070.0  0.00015708398969840106  9.313841067711146e-07
1080.0  0.00016086244190772396  9.049808963386935e-07
1090.0  0.00015548369187675024  9.614054480236052e-07
1100.0  0.00015849416090808155  9.554672436846953e-07
1110.0  0.0001645110124060572  9.670196817375156e-07
1120.0  0.00015766119993770465  9.698545827882535e-07
1130.0  0.00016608395036322247  9.590624675050751e-07
1140.0  0.000161064420256167  9.646667757974999e-07
1150.0  0.00016070386385390933  9.530303519845622e-07
1160.0  0.0001543842684434762  9.536823457240851e-07
1170.0  0.00016018748856755737  9.495929490279511e-07
1180.0  0.0001634948256109382  9.310904973884222e-07
1190.0  0.00016096325971437427  9.706873473927148e-07
1200.0  0.00016070251820601868  9.781095129634828e-07
1210.0  0.0001644785445922506  9.285728744574449e-07
1220.0  0.0001577623874076512  9.332001571505565e-07
1230.0  0.00015767064541680317  9.32874078180019e-07
1240.0  0.00015958773468655575  9.517069130860251e-07
1250.0  0.00015555606460656852  9.369788084998146e-07
1260.0  0.0001597871443982022  9.068537943239157e-07
1270.0  0.00015276848962345388  9.216605613389372e-07
1280.0  0.00015467177174485096  9.72454527918118e-07
1290.0  0.00015670440515176505  9.73778773231266e-07
1300.0  0.00015588475777980927  9.574484010204506e-07
1310.0  0.00016023875269647483  9.376682635378025e-07
1320.0  0.00015194159033292688  9.526933117230571e-07
1330.0  0.0001602700026377459  9.705102673618389e-07
1340.0  0.00016569668358892573  9.43368756080928e-07
1350.0  0.0001562113929889408  9.51778996729376e-07
1360.0  0.0001703559553678292  9.387311271442446e-07
1370.0  0.00015565121722708626  9.368209440032355e-07
1380.0  0.00016092197389183565  9.243313172306912e-07
1390.0  0.0001575174474689474  9.434319669404294e-07
1400.0  0.0001627881202957655  9.333804505554597e-07
1410.0  0.0001629708972886427  9.577733285695917e-07
1420.0  0.00016778249093066556  9.335315931173099e-07
1430.0  0.00015642911686826778  9.808809513880703e-07
1440.0  0.00015811244279793465  9.611049269970976e-07
1450.0  0.00015353661244276983  9.313662814259126e-07
1460.0  0.00016888339108661268  9.932136269006717e-07
1470.0  0.00015745108460812733  9.341370929922479e-07
1480.0  0.0001538816006641811  9.565254668908454e-07
1490.0  0.00016693821349938212  9.861498852480864e-07
1500.0  0.00015858525263251583  9.142911172059702e-07
1510.0  0.0001577676160617227  9.630379678702765e-07
1520.0  0.00016110958883855294  9.353486243453682e-07
1530.0  0.00015962117478458856  9.639038075448405e-07
1540.0  0.0001609298715122781  9.404266948813761e-07
1550.0  0.00015992876179999607  9.564725608580737e-07
1560.0  0.00015577374197479608  9.310558937879099e-07
1570.0  0.00016665889644433066  9.700321763842932e-07
1580.0  0.00015667724442533282  9.745629248428354e-07
1590.0  0.0001597638217259027  9.327488534915055e-07
1600.0  0.00015942439202435563  9.611227055021881e-07
1610.0  0.00016614957964150999  9.817518259365412e-07
1620.0  0.00016014737423620108  9.704561049509718e-07
1630.0  0.00015332721355648492  9.577364189378752e-07
1640.0  0.0001569828075933745  9.66622727889266e-07
1650.0  0.00016084108526022415  9.178412665667851e-07
1660.0  0.00015645215557301504  9.391237202970868e-07
1670.0  0.00015977884252901163  9.517548953298973e-07
1680.0  0.0001616151103322394  9.276739137533777e-07
1690.0  0.00016332871419279862  9.193611989884008e-07
1700.0  0.00016284610369976646  9.409507534350987e-07
1710.0  0.00015401330083794924  9.446520127270889e-07
1720.0  0.00015911985779663713  9.532479749866435e-07
1730.0  0.00015598105268556606  9.417082296977557e-07
1740.0  0.00015828039884585403  9.954240601320608e-07
1750.0  0.00015443422971562516  9.54298705968645e-07
1760.0  0.00016007510193888184  9.66641475806951e-07
1770.0  0.00016018761019855879  9.472345712979751e-07
1780.0  0.00016298955918168538  9.398136031804148e-07
1790.0  0.00015407751255756507  9.78381478046957e-07
1800.0  0.00016110505673712014  9.75813601773759e-07
1810.0  0.00015194382723523025  9.579461356874612e-07
1820.0  0.0001591184550691636  9.336563503885188e-07
1830.0  0.00016369490259541533  9.811277102909676e-07
1840.0  0.00015284396091491518  9.849958274392993e-07
1850.0  0.00016132395776845428  9.612808739917362e-07
1860.0  0.0001609670478681884  9.828738028916083e-07
1870.0  0.00015878747847863187  9.506104465902161e-07
1880.0  0.0001583367653399126  9.45903774160256e-07
1890.0  0.0001611490777254683  9.419059116985524e-07
1900.0  0.00015451467648001013  9.481220448634176e-07
1910.0  0.00015286907723371083  9.493219673558939e-07
1920.0  0.00015517491059830526  9.128822829944084e-07
1930.0  0.00015904200379551945  9.19092398234104e-07
1940.0  0.00016392552175033056  9.619933081450355e-07
1950.0  0.0001613585127552499  9.453849531298104e-07
1960.0  0.00015793627022346745  9.323809277666157e-07
1970.0  0.0001548888614039356  9.465191621338693e-07
1980.0  0.00015012163256494253  9.504841875104132e-07
1990.0  0.00015271911325292472  9.382150399505986e-07
2000.0  0.000157253844434285  9.745351877324675e-07
2010.0  0.0001619594024605125  9.725212173643192e-07
2020.0  0.00015142231555786433  9.323722569006232e-07
2030.0  0.00014476189284753972  9.362216871832621e-07
2040.0  0.0001587803488971597  9.485690752233859e-07
2050.0  0.00015909091473376068  9.72532536503442e-07
2060.0  0.00015569119652058573  9.677824033421891e-07
2070.0  0.0001592118408104042  9.835078941209955e-07
2080.0  0.00015961742413981835  1.004599013188096e-06
2090.0  0.00015756839897067564  9.648067901469237e-07
2100.0  0.00015730955775475255  9.665226098512412e-07
2110.0  0.0001581098045132466  9.68465436133331e-07
2120.0  0.00015843647954648637  9.605243163368234e-07
2130.0  0.00015890198651298933  9.192831989994654e-07
2140.0  0.00015514648941226855  9.29057739106449e-07
2150.0  0.0001498390822449112  8.986418741544809e-07
2160.0  0.00015764160633661628  9.66068750120484e-07
2170.0  0.0001579333396251783  8.935325570569739e-07
2180.0  0.00015983031922738676  9.443566688589946e-07
2190.0  0.00015296392575436937  9.479677120639575e-07
2200.0  0.0001524074193936879  9.543218706797584e-07
2210.0  0.0001534344633754941  9.389125723849374e-07
2220.0  0.00015687554907223354  9.738428280484778e-07
2230.0  0.00016602788513375358  9.844674999194168e-07
2240.0  0.00015625681490436037  9.203570714908602e-07
2250.0  0.0001493172318126318  9.483645723924332e-07
2260.0  0.00015551293711125848  9.376920052346837e-07
2270.0  0.0001637544463336863  9.061016253844662e-07
2280.0  0.0001619794043653454  9.536038529436107e-07
2290.0  0.00015518585342397728  9.366049743394928e-07
2300.0  0.0001481942827449213  9.60946399011105e-07
2310.0  0.0001572622221012238  9.261365185663979e-07
2320.0  0.00014954222356403711  9.573386060483416e-07
2330.0  0.0001467478819297329  9.55276097272899e-07
2340.0  0.0001559828396203443  9.140729557248069e-07
2350.0  0.00015551784861618737  9.485977938947464e-07
2360.0  0.00014928834543195195  9.79417975706703e-07
2370.0  0.00015596362742316497  9.067721537331691e-07
2380.0  0.00016000009369689973  9.729824488826002e-07
2390.0  0.00015150922645532102  9.92684369586237e-07
2400.0  0.00016054442075423808  9.206386541673887e-07
2410.0  0.0001533226124120145  9.69628995361169e-07
2420.0  0.00014689544025726648  9.107170139129169e-07
2430.0  0.00016035947201050628  9.614069314969422e-07
2440.0  0.00015287475554547032  9.778241104841392e-07
2450.0  0.0001548112667484699  9.223875976677934e-07
2460.0  0.0001583099188671476  9.290952192518247e-07
2470.0  0.00015158045804114604  9.724731947558733e-07
2480.0  0.0001500712624307702  9.661507216549278e-07
2490.0  0.00015274535548618563  9.13848490158148e-07
2500.0  0.0001569725919085886  9.576436497486204e-07
2510.0  0.0001550342750180247  9.29627114571298e-07
2520.0  0.00015194524380497443  1.0061554488484707e-06
2530.0  0.0001557816597384703  9.473000085635641e-07
2540.0  0.00015857729127672466  9.283725808324932e-07
2550.0  0.00014664742632176182  9.020801215437317e-07
2560.0  0.00014898567820475765  9.839708716902043e-07
2570.0  0.0001509701481098151  9.706259132501444e-07
2580.0  0.00015925173432140187  9.82225626758601e-07
2590.0  0.00015394358680508556  1.002305894698413e-06
2600.0  0.000154418897998009  9.634153810348782e-07
2610.0  0.0001513127264292322  9.51519663990353e-07
2620.0  0.00015315705000944698  9.465439364922893e-07
2630.0  0.0001569194401375628  9.942546575844306e-07
2640.0  0.0001478952184208307  9.496336135915141e-07
2650.0  0.00015889622492156055  9.730786245498396e-07
2660.0  0.00015642393799864484  9.372444240328433e-07
2670.0  0.00015758635525754455  9.371280207400124e-07
2680.0  0.0001487487782495353  9.734107739159925e-07
2690.0  0.0001678548519261966  9.499722479197565e-07
2700.0  0.0001523245822513111  9.701316905488274e-07
2710.0  0.0001544355018132759  9.433868310082517e-07
2720.0  0.0001483275194954956  9.797336805691825e-07
2730.0  0.00015511257710087726  9.496357368105578e-07
2740.0  0.00015461856812783994  1.0133885605142866e-06
2750.0  0.00016186976610850626  9.438782884222674e-07
2760.0  0.00014684488718474004  9.292702455623796e-07
2770.0  0.00014854619008987328  9.612253959770056e-07
2780.0  0.0001473420502728262  9.106508787243754e-07
2790.0  0.00015944591128685455  1.0000168897921828e-06
2800.0  0.00015381458699823027  9.098109713784686e-07
2810.0  0.0001528951193686072  9.336055632383613e-07
2820.0  0.00014549142800990444  9.666623397476149e-07
2830.0  0.00015363040632153578  9.606697589077588e-07
2840.0  0.00015681240467692477  9.356819458850731e-07
2850.0  0.0001579347555434415  1.00950906298952e-06
2860.0  0.00015257352633376087  9.45786816296257e-07
2870.0  0.000144233077584108  1.016444699482728e-06
2880.0  0.00014538131868015974  9.269638617794073e-07
2890.0  0.00015229537856348966  9.24625864036559e-07
2900.0  0.0001504956556617269  9.760653836527735e-07
2910.0  0.00015703691411972636  9.365712274663838e-07
2920.0  0.00015737267014181424  1.0060663644065997e-06
2930.0  0.0001574362097635805  9.636541403782185e-07
2940.0  0.0001424686423917504  1.0217709302623233e-06
2950.0  0.0001491627399096409  9.246555722204881e-07
2960.0  0.000160692865607288  9.969639094621257e-07
2970.0  0.00013979795715553394  8.841848330886294e-07
2980.0  0.00014955426872931786  9.516355287207947e-07
2990.0  0.0001527828602930236  1.005351516092285e-06
3000.0  0.0001461666678955838  9.745275975914854e-07
3010.0  0.00016064320918083902  9.504334040580221e-07
3020.0  0.00015349650851976735  9.703681334973665e-07
3030.0  0.00014105729834033772  9.52813262933992e-07
3040.0  0.0001448145405109332  8.997028390462823e-07
3050.0  0.00014661349646148057  9.839978652910494e-07
3060.0  0.00015192929606391834  1.0098422687023492e-06
3070.0  0.00014782925124584188  9.86725490812764e-07
3080.0  0.00015526822693397  9.708375921806576e-07
3090.0  0.00015174345487212057  9.574611019636814e-07
3100.0  0.0001507751347441395  9.279178216650808e-07
3110.0  0.00015066891327320938  9.90971087539367e-07
3120.0  0.00015055879614930403  9.531341273545212e-07
3130.0  0.00014388016701726215  1.0045079000322007e-06
3140.0  0.00014790688159025314  9.312847912430641e-07
3150.0  0.00014740953262256098  9.412207992194712e-07
3160.0  0.00014379125289400814  8.9200542264596e-07
3170.0  0.0001449237137516639  9.983822548255368e-07
3180.0  0.00014919007403894847  9.240743045479358e-07
3190.0  0.00015727198178628777  9.417317068995239e-07
3200.0  0.00014580350437374485  9.143274654598508e-07
3210.0  0.0001536358263849607  9.150792398826979e-07
3220.0  0.00015193698049223607  9.96354467271602e-07
3230.0  0.0001361880606759678  1.004039466395284e-06
3240.0  0.00015058586153941992  9.247489498589105e-07
3250.0  0.0001481075936474167  8.931914993367181e-07
3260.0  0.00014666441299161003  9.273595507473152e-07
3270.0  0.00014193284382151754  9.259190257289918e-07
3280.0  0.00013943760087472166  9.69225912992266e-07
3290.0  0.00014653572641867084  9.596488056930174e-07
3300.0  0.00015373851818292002  1.0092165040852509e-06
3310.0  0.00015106358427634036  9.430692918943996e-07
3320.0  0.00014636437165009244  8.829214745161321e-07
3330.0  0.00015826125560981026  9.566728584988314e-07
3340.0  0.0001417708495099862  9.290877882030719e-07
3350.0  0.00014587393654711973  9.512487527504235e-07
3360.0  0.00014379564093537007  9.346356861234552e-07
3370.0  0.00016066066055135954  1.0058676363911396e-06
3380.0  0.0001528625664349024  1.0124580592666702e-06
3390.0  0.00014363999242512001  9.545630866455813e-07
3400.0  0.00014968401690984941  9.67951575502051e-07
3410.0  0.0001519567150657131  8.80692950030808e-07
3420.0  0.0001545961449038311  9.750589832044532e-07
3430.0  0.00014414512392876296  9.287028419907464e-07
3440.0  0.00015486469961561254  9.445227910542766e-07
3450.0  0.00015429088164935716  9.536587062335734e-07
3460.0  0.00014184857556939523  9.185591249752426e-07
3470.0  0.00014730413578387453  9.793949710190737e-07
3480.0  0.00013872472026315268  9.5445095301135e-07
3490.0  0.00014944347947751149  9.597313029208317e-07
3500.0  0.00015096937775705143  1.0042216873585383e-06
3510.0  0.00014434527167076752  9.653748662113739e-07
3520.0  0.00015386049230077875  9.77438718231445e-07
3530.0  0.00016088025127364275  9.391056278211561e-07
3540.0  0.00014886187994264877  8.958500837028181e-07
3550.0  0.00015224397938691292  9.86249822570488e-07
3560.0  0.00015276791843675584  9.453888975897693e-07
3570.0  0.0001535792999846446  9.131700187329614e-07
3580.0  0.00014260429016133035  9.296378161042027e-07
3590.0  0.000142009499932963  1.04706961246297e-06
3600.0  0.0001535217094406088  9.617257144433844e-07
3610.0  0.00014659560672044964  8.934291524781324e-07
3620.0  0.00014593791036804149  9.539356509542995e-07
3630.0  0.00014567563966398826  9.341554522932819e-07
3640.0  0.0001530099083334683  9.480031107358304e-07
3650.0  0.00015488303414823453  9.146789290227097e-07
3660.0  0.00014865373104357445  9.418422186536646e-07
3670.0  0.00014740988150706237  9.911285783829618e-07
3680.0  0.0001480443108224716  9.23962985139322e-07
3690.0  0.0001402365524706003  9.589545020404102e-07
3700.0  0.00015080036707459862  8.931465628474877e-07
3710.0  0.00015786033554093595  9.289260677317499e-07
3720.0  0.0001471898193471499  9.160176979067314e-07
3730.0  0.00013691056704836862  9.678255037245776e-07
3740.0  0.00014695707302781066  9.558532671287355e-07
3750.0  0.0001529713892090056  9.70122959264609e-07
3760.0  0.0001539208998769459  9.415095594150237e-07
3770.0  0.00014203920293282397  9.68983420198678e-07
3780.0  0.0001479936297956935  9.460322475504501e-07
3790.0  0.0001564651795040091  8.969697675725799e-07
3800.0  0.00015003640675969552  9.544862104279902e-07
3810.0  0.00015574118044021083  9.108977151965814e-07
3820.0  0.0001497413483707752  9.055230109731339e-07
3830.0  0.00014087207621879528  9.124765461356685e-07
3840.0  0.00014949245034113692  1.0663477885027778e-06
3850.0  0.000141466400443092  9.30640426893379e-07
3860.0  0.00013717398948797602  9.214972898751562e-07
3870.0  0.00014505413276517094  9.298791895874143e-07
3880.0  0.00013932267309856074  9.997451147155242e-07
3890.0  0.0001487239385978029  1.0034432868360013e-06
3900.0  0.00015048112556109415  9.557326530090385e-07
3910.0  0.00014387355923481423  9.432882025411968e-07
3920.0  0.0001421100747815269  9.470362784632211e-07
3930.0  0.00014202881278230017  9.507743305021645e-07
3940.0  0.00014481027724196402  9.431323821475349e-07
3950.0  0.00015040334226339757  9.420566329518268e-07
3960.0  0.00014585668184151284  9.056670249180649e-07
3970.0  0.00013622789379617203  9.103215753674527e-07
3980.0  0.0001412457530360087  9.163861338331116e-07
3990.0  0.0001445098274116729  9.447699262832129e-07
4000.0  0.00015511524937660375  9.711689381064656e-07
4010.0  0.00014878957725018282  9.596977371032993e-07
4020.0  0.0001386747157573418  9.433099812828818e-07
4030.0  0.0001444740675287285  1.0017541108381368e-06
4040.0  0.00014428603090859836  9.165357437599956e-07
4050.0  0.00014431112252374676  9.26652762435384e-07
4060.0  0.00014580116454694406  9.071480536257698e-07
4070.0  0.00013874145852225356  8.878125346691291e-07
4080.0  0.0001394703402435558  8.861428403426731e-07
4090.0  0.00014201071445669403  9.512116131396209e-07
4100.0  0.00014610481409926623  9.705192920876037e-07
4110.0  0.00015351343366511996  9.827407021953618e-07
4120.0  0.00015932908850104993  1.0138642019520021e-06
4130.0  0.00014248116954889006  1.049708121472558e-06
4140.0  0.00013255980004111547  9.898755136054312e-07
4150.0  0.00013438483131741753  9.099835029794039e-07
4160.0  0.00013522876039453197  9.024029597406066e-07
4170.0  0.00015112376742166698  1.010284527166653e-06
4180.0  0.00015048742331277994  9.561827634669948e-07
4190.0  0.0001467290852382125  9.613657508790657e-07
4200.0  0.00013819219179251178  9.101202513177697e-07
4210.0  0.00013840761354032212  9.889875851725808e-07
4220.0  0.00013864242361238399  9.166766906513772e-07
4230.0  0.000132659179948695  9.069753066963831e-07
4240.0  0.00014478110285204713  9.259077828580938e-07
4250.0  0.00014514225395330976  9.388719282684533e-07
4260.0  0.00015051472160586854  9.656098831683881e-07
4270.0  0.000143141924794139  8.76975893473508e-07
4280.0  0.00014418884997090362  9.132826569826484e-07
4290.0  0.00014253482342975408  9.184738387048015e-07
4300.0  0.00015565723821410132  9.34521477398065e-07
4310.0  0.0001438743526242726  9.129617300540885e-07
4320.0  0.00014430977703530157  9.369926108510428e-07
4330.0  0.00013877811066080722  9.35556672421465e-07
4340.0  0.00013599713618440217  9.552595131076492e-07
4350.0  0.0001387719604553836  9.194947704673804e-07
4360.0  0.00013992976158343744  1.0368596543255418e-06
4370.0  0.00014166280596075246  9.603401448048832e-07
4380.0  0.00014316854083581395  9.975539312413521e-07
4390.0  0.00014673451101649874  9.363640520639275e-07
4400.0  0.0001500185537532079  9.61499074173307e-07
4410.0  0.00013830998756344346  9.642821365533643e-07
4420.0  0.00013605747388567433  1.0047651661761536e-06
4430.0  0.00014507677512635135  9.846166753891315e-07
4440.0  0.00014258687551221288  9.255861795335594e-07
4450.0  0.0001445752453690047  9.066119013724341e-07
4460.0  0.0001501755781133477  8.756391057343816e-07
4470.0  0.00013674639494482124  9.859322475767135e-07
4480.0  0.0001296734257369758  1.0264857773939385e-06
4490.0  0.00014571691244636946  9.524549010869392e-07
4500.0  0.0001499637980404199  8.967449378628019e-07
4510.0  0.00014598707152706087  9.411381460344256e-07
4520.0  0.00014401666979105035  9.342878624732262e-07
4530.0  0.00013289209755050447  9.388902629145363e-07
4540.0  0.00013545345843450328  9.505712437361658e-07
4550.0  0.00014231290744921946  9.605971945994227e-07
4560.0  0.00015546810488113188  1.0269446417949649e-06
4570.0  0.0001530690215067569  9.836129454094412e-07
4580.0  0.0001470619462776249  9.422234988002661e-07
4590.0  0.00013817833490661186  9.895868201652058e-07
4600.0  0.00013881715212479847  9.122261581294461e-07
4610.0  0.00013881289589021015  9.679337939391355e-07
4620.0  0.00014463466663335332  9.325805436529939e-07
4630.0  0.00014862918062346695  9.102137066926927e-07
4640.0  0.00014950513003740332  9.546054255687261e-07
4650.0  0.00014358527194232898  9.934824692536365e-07
4660.0  0.00014780567228783455  9.850903523911628e-07
4670.0  0.00014428894228446553  9.641916606037728e-07
4680.0  0.00013723981040653348  9.158599591193027e-07
4690.0  0.00013908555921613328  9.367331296256764e-07
4700.0  0.0001336762085836807  9.802250797705916e-07
4710.0  0.00013815448916243883  1.0342991056369218e-06
4720.0  0.00014111605994679302  9.568442440549566e-07
4730.0  0.0001390561042706317  9.615516455654752e-07
4740.0  0.0001280338420409175  8.94286317765768e-07
4750.0  0.00014205972298905628  9.635097617049558e-07
4760.0  0.00013969366362588274  1.0178484493155265e-06
4770.0  0.0001400669430664085  9.441081271123373e-07
4780.0  0.0001377715527862043  9.102329700863687e-07
4790.0  0.000143790665665124  9.59804050220444e-07
4800.0  0.0001497294453462709  9.477410187239435e-07
4810.0  0.0001501620370190063  9.541940929192417e-07
4820.0  0.00014766217081938255  8.89976650420307e-07
4830.0  0.00014195298439609167  9.238816580500403e-07
4840.0  0.0001313112558231422  9.032283782382764e-07
4850.0  0.00014030732285336372  9.582681069203224e-07
4860.0  0.00014459824078477142  9.64833886717367e-07
4870.0  0.00014386131599110918  9.7628346902348e-07
4880.0  0.00014165562116187538  9.531030081820612e-07
4890.0  0.00014373849012392219  9.834526595981428e-07
4900.0  0.00013755781709682218  9.950060897057955e-07
4910.0  0.00013553300610325158  9.396267306107264e-07
4920.0  0.0001455688005719877  9.524299538504737e-07
4930.0  0.00013900641145665431  9.628337278569716e-07
4940.0  0.00014397572804973298  9.215389918954965e-07
4950.0  0.00014923557909597446  9.75590496908228e-07
4960.0  0.00015570146569361093  9.696018445174447e-07
4970.0  0.00014403367747380368  9.603070180276922e-07
4980.0  0.0001361981821221243  9.89600616440779e-07
