           1   -0.415248   -0.415248           0
           2   -0.415838   -0.415543 0.000295016
           3   -0.412603   -0.414563 0.000994792
           4   -0.414089   -0.414444 0.000713322
           5   -0.415291   -0.414614 0.000577918
           6   -0.414054   -0.414521 0.000481009
           7   -0.414405   -0.414504  0.00040686
           8   -0.414324   -0.414481 0.000353071
           9   -0.416822   -0.414742 0.000405692
          10   -0.415772   -0.414845 0.000377208
          11   -0.413678   -0.414739 0.000357301
          12   -0.412236    -0.41453  0.00038714
          13    -0.41472   -0.414545 0.000356417
          14    -0.41307   -0.414439 0.000346387
          15   -0.413412   -0.414371 0.000329655
          16   -0.415971   -0.414471 0.000324179
          17   -0.415613   -0.414538 0.000311837
          18    -0.41436   -0.414528 0.000294169
          19   -0.414368    -0.41452 0.000278384
          20   -0.412798   -0.414434 0.000277767
          21   -0.415303   -0.414475  0.00026743
          22    -0.41339   -0.414426 0.000259706
          23   -0.413826     -0.4144 0.000249524
          24    -0.41492   -0.414421 0.000239882
          25   -0.416017   -0.414485 0.000238772
          26   -0.412777   -0.414419 0.000238626
          27   -0.412655   -0.414354 0.000238738
          28    -0.41412   -0.414346 0.000230205
          29   -0.413796   -0.414327 0.000222931
          30   -0.415473   -0.414365 0.000218732
          31   -0.413446   -0.414335 0.000213626
          32   -0.411566   -0.414249 0.000224216
          33   -0.415183   -0.414277 0.000219153
          34    -0.41329   -0.414248 0.000214581
          35   -0.412869   -0.414209 0.000212055
          36   -0.416959   -0.414285 0.000219789
          37   -0.413192   -0.414255 0.000215799
          38   -0.415855   -0.414298 0.000214219
          39   -0.413074   -0.414266    0.000211
          40   -0.413645   -0.414251 0.000206243
          41   -0.413788   -0.414239 0.000201467
          42   -0.414762   -0.414252 0.000197004
          43    -0.41388   -0.414243 0.000192563
          44   -0.414619   -0.414252 0.000188329
          45   -0.416015   -0.414291 0.000188221
          46   -0.416261   -0.414334 0.000188998
          47   -0.416807   -0.414386 0.000192273
          48    -0.41359    -0.41437 0.000188955
          49   -0.416242   -0.414408 0.000188963
          50   -0.415745   -0.414435 0.000187067
          51   -0.415629   -0.414458 0.000184852
          52   -0.413479   -0.414439 0.000182237
          53   -0.414822   -0.414446 0.000178911
          54   -0.414467   -0.414447 0.000175567
          55   -0.414693   -0.414451 0.000172403
          56   -0.416584   -0.414489 0.000173529
          57   -0.412306   -0.414451 0.000174707
          58   -0.414458   -0.414451 0.000171669
          59    -0.41289   -0.414425 0.000170798
          60   -0.415861   -0.414449 0.000169625
          61   -0.414941   -0.414457 0.000167016
          62    -0.41366   -0.414444 0.000164802
          63   -0.414295   -0.414442 0.000162182
          64   -0.414875   -0.414448 0.000159771
          65    -0.41333   -0.414431 0.000158232
          66    -0.41553   -0.414448 0.000156703
          67   -0.414746   -0.414452 0.000154411
          68   -0.414329    -0.41445 0.000152134
          69   -0.412645   -0.414424 0.000152179
          70   -0.415061   -0.414433 0.000150264
          71    -0.41518   -0.414444 0.000148505
          72   -0.415617    -0.41446 0.000147331
          73   -0.412748   -0.414437 0.000147179
          74   -0.416103   -0.414459 0.000146912
          75   -0.415978   -0.414479 0.000146347
          76   -0.411148   -0.414436 0.000150917
          77   -0.416422   -0.414461 0.000151161
          78   -0.414632   -0.414464 0.000149227
          79   -0.415047   -0.414471  0.00014751
          80   -0.411953    -0.41444 0.000149016
          81   -0.415169   -0.414449 0.000147441
          82   -0.415898   -0.414466   0.0001467
          83   -0.412001   -0.414437 0.000147935
          84   -0.412309   -0.414411 0.000148342
          85   -0.415199    -0.41442 0.000146879
          86   -0.415896   -0.414438 0.000146172
          87   -0.415073   -0.414445 0.000144667
          88   -0.417784   -0.414483 0.000147961
          89   -0.415788   -0.414498 0.000147022
          90    -0.41286   -0.414479 0.000146513
          91   -0.413285   -0.414466 0.000145487
          92   -0.414218   -0.414464 0.000143922
          93   -0.413696   -0.414455 0.000142605
          94   -0.413649   -0.414447  0.00014134
          95   -0.413754   -0.414439 0.000140035
          96   -0.412923   -0.414424 0.000139465
          97   -0.413878   -0.414418 0.000138134
          98   -0.415631    -0.41443 0.000137277
          99   -0.415773   -0.414444 0.000136558
         100   -0.415333   -0.414453 0.000135478
