    0    0    0
    0.064633    0    0
    0.129266    0    0
    0.193899    0    0
    0.258532    0    0
    0.323165    0    0
    0.387798    0    0
    0.452431    0    0
    0.517064    0    0
    0.581697    0    0
    0.64633    0    0
    0.710963    0    0
    0.775596    0    0
    0.84023    0.000978247    4.0562e-05
    0.904863    0.147995    0.0004513
    0.969496    1.06568    0.00159139
    1.03413    2.04078    0.00240174
    1.09876    2.27426    0.00246312
    1.16339    2.08637    0.00227373
    1.22803    1.83235    0.00159542
    1.29266    1.617    0.0015749
    1.35729    1.4554    0.00129705
    1.42193    1.33398    0.00108481
    1.48656    1.24897    0.00110979
    1.55119    1.18802    0.000893987
    1.61583    1.14331    0.000871369
    1.68046    1.11157    0.000874996
    1.74509    1.0893    0.000947949
    1.80973    1.07578    0.00077309
    1.87436    1.06466    0.000815059
    1.93899    1.06104    0.000664102
    2.00362    1.0574    0.000772309
    2.06826    1.05495    0.000690896
    2.13289    1.05352    0.0007028
    2.19752    1.0475    0.000585554
    2.26216    1.04356    0.000599438
    2.32679    1.03708    0.000685457
    2.39142    1.03224    0.000604695
    2.45606    1.02608    0.000552803
    2.52069    1.02115    0.000534709
    2.58532    1.01738    0.000525893
    2.64995    1.01332    0.000555702
    2.71459    1.00995    0.000561498
    2.77922    1.00784    0.000508218
    2.84385    1.00646    0.000461006
    2.90849    1.00369    0.000449781
    2.97312    1.00188    0.000412897
    3.03775    0.999938    0.000455091
    3.10239    0.99876    0.000432292
    3.16702    0.997554    0.000449091
    3.23165    0.996793    0.00043674
    3.29629    0.995901    0.000409212
    3.36092    0.994873    0.000416417
    3.42555    0.993668    0.000436241
    3.49018    0.993237    0.0004197
    3.55482    0.992376    0.000339496
    3.61945    0.991555    0.00038838
    3.68408    0.990818    0.000372357
    3.74872    0.991204    0.000340477
    3.81335    0.990672    0.000335591
    3.87798    0.990745    0.000325469
    3.94262    0.990253    0.000313984
    4.00725    0.989523    0.000342681
    4.07188    0.988949    0.000310687
    4.13651    0.98904    0.000311704
    4.20115    0.988652    0.000323205
    4.26578    0.988447    0.000329627
    4.33041    0.988602    0.000272292
    4.39505    0.988248    0.000274054
    4.45968    0.987505    0.000287516
    4.52431    0.986953    0.000291047
    4.58895    0.987358    0.000324953
    4.65358    0.987083    0.000263499
    4.71821    0.987457    0.000286845
    4.78285    0.986855    0.000246074
    4.84748    0.986763    0.000285643
    4.91211    0.987006    0.000261498
    4.97674    0.986861    0.000245791
    5.04138    0.986578    0.000249153
    5.10601    0.986531    0.00027945
    5.17064    0.986605    0.000230397
    5.23528    0.986574    0.000258652
    5.29991    0.986616    0.000241438
    5.36454    0.986586    0.000239819
    5.42918    0.986132    0.000220068
    5.49381    0.986052    0.00020824
    5.55844    0.985935    0.000223014
    5.62307    0.98607    0.000209996
    5.68771    0.9863    0.000227985
    5.75234    0.985813    0.000242443
    5.81697    0.985948    0.00023343
    5.88161    0.985824    0.000218498
    5.94624    0.985954    0.000236999
    6.01087    0.985868    0.000214631
    6.07551    0.985762    0.000219979
    6.14014    0.985686    0.000196438
    6.20477    0.985689    0.000197765
    6.2694    0.986404    0.000213603
    6.33404    0.985752    0.000197959
    6.39867    0.986088    0.000202541
