           1   0.0489286   0.0489286           0
           2   0.0491296   0.0490291 0.000100485
           3   0.0489184   0.0489922 6.87446e-05
           4   0.0490817   0.0490146 5.35165e-05
           5   0.0492441   0.0490605 6.18489e-05
           6   0.0489476   0.0490417 5.38927e-05
           7   0.0489246   0.0490249 4.85226e-05
           8   0.0490005   0.0490219 4.21325e-05
           9   0.0489329    0.049012 3.84499e-05
          10   0.0490227   0.0490131 3.44073e-05
          11   0.0489478   0.0490071 3.16839e-05
          12   0.0491076   0.0490155 3.01102e-05
          13   0.0491499   0.0490258 2.95641e-05
          14   0.0491346   0.0490336 2.84516e-05
          15   0.0492396   0.0490473 2.98343e-05
          16   0.0488161   0.0490329 3.14268e-05
          17   0.0486706   0.0490116 3.64085e-05
          18   0.0488208    0.049001 3.59255e-05
          19   0.0490308   0.0490026 3.40184e-05
          20   0.0492621   0.0490155  3.4785e-05
          21   0.0488884   0.0490095  3.3636e-05
          22   0.0491695   0.0490168 3.28852e-05
          23   0.0489014   0.0490117  3.1821e-05
          24   0.0490395   0.0490129 3.04883e-05
          25    0.048878   0.0490075 2.97367e-05
          26   0.0490969   0.0490109 2.87762e-05
          27   0.0490078   0.0490108 2.76902e-05
          28   0.0493273   0.0490221  2.8978e-05
          29   0.0490494   0.0490231 2.79767e-05
          30   0.0489813   0.0490217 2.70639e-05
          31   0.0490977   0.0490241  2.6291e-05
          32   0.0488929     0.04902 2.57841e-05
          33   0.0492261   0.0490263 2.57588e-05
          34    0.048864   0.0490215 2.54416e-05
          35   0.0491223   0.0490244 2.48712e-05
          36   0.0487703   0.0490173 2.51801e-05
          37    0.049233   0.0490231 2.51742e-05
          38   0.0489572   0.0490214 2.45642e-05
          39   0.0489191   0.0490188 2.40694e-05
          40   0.0491261   0.0490215 2.36129e-05
          41    0.048874   0.0490179  2.3309e-05
          42   0.0491906    0.049022 2.31161e-05
          43   0.0489794    0.049021 2.25939e-05
          44   0.0488105   0.0490162 2.25867e-05
          45   0.0491862     0.04902 2.23997e-05
          46    0.048887   0.0490171 2.20974e-05
          47   0.0486814     0.04901 2.27712e-05
          48   0.0489815   0.0490094 2.22997e-05
          49   0.0489365   0.0490079 2.18905e-05
          50    0.049021   0.0490081 2.14498e-05
          51   0.0491515   0.0490109  2.1212e-05
          52   0.0491744   0.0490141 2.10361e-05
          53   0.0490078    0.049014 2.06357e-05
          54   0.0487119   0.0490084 2.10083e-05
          55   0.0489381   0.0490071 2.06623e-05
          56   0.0488942   0.0490051   2.039e-05
          57   0.0489622   0.0490043 2.00432e-05
          58   0.0489271    0.049003 1.97396e-05
          59   0.0487996   0.0489996 1.97059e-05
          60   0.0489359   0.0489985 1.94037e-05
          61   0.0490504   0.0489993 1.91019e-05
          62   0.0488792   0.0489974 1.88909e-05
          63   0.0490265   0.0489979 1.85944e-05
          64   0.0490419   0.0489986 1.83144e-05
          65   0.0489367   0.0489976 1.80556e-05
          66   0.0488796   0.0489958 1.78695e-05
          67   0.0491736   0.0489985 1.77998e-05
          68   0.0491583   0.0490008 1.76929e-05
          69   0.0490357   0.0490013 1.74419e-05
          70   0.0493337   0.0490061 1.78346e-05
          71   0.0488589    0.049004 1.77033e-05
          72   0.0490669   0.0490049 1.74775e-05
          73   0.0492318    0.049008 1.75146e-05
          74   0.0490779   0.0490089 1.73021e-05
          75    0.049276   0.0490125 1.74374e-05
          76   0.0494756   0.0490186 1.82536e-05
          77   0.0490912   0.0490195 1.80397e-05
          78   0.0489159   0.0490182 1.78564e-05
          79    0.049042   0.0490185 1.76315e-05
          80   0.0490326   0.0490187 1.74106e-05
          81   0.0491017   0.0490197 1.72248e-05
          82   0.0492779   0.0490228 1.73025e-05
          83   0.0491474   0.0490243 1.71585e-05
          84   0.0487751   0.0490214 1.72106e-05
          85    0.049105   0.0490224 1.70354e-05
          86   0.0490814   0.0490231 1.68501e-05
          87   0.0490685   0.0490236 1.66634e-05
          88   0.0492849   0.0490265 1.67385e-05
          89   0.0488144   0.0490242 1.67201e-05
          90   0.0491185   0.0490252 1.65665e-05
          91   0.0491797   0.0490269 1.64711e-05
          92   0.0492915   0.0490298  1.6543e-05
          93   0.0489714   0.0490292 1.63762e-05
          94   0.0491213   0.0490301 1.62307e-05
          95   0.0490995   0.0490309 1.60755e-05
          96    0.048711   0.0490275 1.62524e-05
          97   0.0491584   0.0490289 1.61405e-05
          98   0.0489479   0.0490281 1.59963e-05
          99   0.0488458   0.0490262 1.59406e-05
         100   0.0487462   0.0490234 1.60269e-05
