0.49385   -0.497806   -0.49402
-0.319543   -0.311202   0.476773
0.480527   -0.343718   -0.339204
-0.340316   -0.497756   -0.32608
-0.173411   -0.487838   0.492986
0.00470952   -0.323667   0.484062
-0.187843   -0.349925   -0.33334
-0.0025935   -0.487809   -0.336988
0.178948   -0.494221   0.492253
0.340496   -0.320234   0.499155
0.172886   -0.330737   -0.318788
0.329302   0.496277   -0.345916
-0.497072   -0.172183   0.479829
-0.336136   0.003588   -0.490898
-0.485438   0.0103765   -0.325611
-0.344056   -0.161251   -0.338792
-0.165523   -0.170639   -0.486495
0.00231998   0.000177885   -0.498736
-0.182267   0.0147997   -0.329984
0.0088268   -0.174355   -0.353142
0.180502   -0.161518   -0.495374
0.331261   -0.0266211   0.488199
0.152735   0.00437895   -0.345148
0.334032   -0.154454   -0.334136
-0.493383   0.163884   0.499905
-0.327104   0.331006   -0.487909
0.495787   0.318442   -0.32551
-0.334504   0.178057   -0.329785
-0.16809   0.165447   -0.485575
-0.00314007   0.333285   -0.494332
-0.18105   0.333619   -0.315002
-0.0170976   0.168767   -0.319084
0.182198   0.144704   0.480494
0.345062   0.317079   -0.490916
0.163352   0.334244   -0.343087
0.322121   0.161964   -0.351628
0.489955   0.49829   -0.173138
-0.357014   -0.337418   -0.180364
0.497024   -0.335083   -0.01094
-0.34245   -0.492103   0.00724662
-0.179306   -0.491096   -0.158266
-0.00464518   -0.332329   -0.167516
-0.163069   -0.339752   -0.00725569
-0.00608277   0.487082   0.0281464
0.15394   -0.493158   -0.183691
0.338278   -0.316924   -0.159566
0.166207   -0.36735   -0.00410399
0.346742   0.483616   -0.00631862
0.494733   -0.155867   -0.173483
-0.307147   0.00314756   -0.158314
0.492009   0.00212537   0.0101784
-0.3254   -0.177624   -0.0160901
-0.178032   -0.181932   -0.187715
-0.00589184   -0.0236531   -0.18009
-0.147631   0.0142939   0.00779524
-0.0178224   -0.179162   0.00472881
0.155301   -0.165906   -0.159654
0.32905   0.00584988   -0.162936
0.167751   0.00800852   -0.0224806
0.321075   -0.169596   0.00173938
-0.49249   0.164809   -0.15434
-0.325386   0.338554   -0.144765
-0.48423   0.32825   0.016237
-0.352263   0.158801   0.010496
-0.168601   0.18857   -0.159703
-0.0190253   0.353485   -0.158956
-0.178159   0.336913   0.0118456
0.0104415   0.179335   0.00852798
0.16273   0.186792   -0.182953
0.339746   0.327917   -0.170991
0.167336   0.340526   -0.0105306
0.323163   0.179207   0.00935706
0.499377   -0.498256   0.161312
-0.343529   -0.334071   0.158201
-0.491593   -0.325603   0.32395
-0.331056   0.493687   0.337457
-0.146407   0.494653   0.20024
-0.00331858   -0.348397   0.165668
-0.181459   -0.321294   0.316274
-0.00114724   0.490313   0.353757
0.165901   -0.496078   0.179833
0.360113   -0.327577   0.161397
0.177613   -0.317715   0.320811
0.343283   0.486434   0.344592
0.495241   -0.161383   0.163736
-0.330418   0.0102629   0.167963
-0.499628   0.00391865   0.31807
-0.32811   -0.166406   0.309556
-0.176299   -0.148539   0.161726
0.0170306   -0.00139254   0.139422
-0.169929   -0.0163511   0.356041
0.0046167   -0.173424   0.304973
0.167717   -0.187814   0.139124
0.327089   -0.00166071   0.159305
0.165078   -0.00459539   0.321958
0.34589   -0.160197   0.314592
-0.496769   0.191078   0.183441
-0.32113   0.325171   0.199689
-0.489475   0.341936   0.351212
-0.320136   0.158885   0.34774
-0.171416   0.154033   0.180674
0.0114636   0.325381   0.176507
-0.148929   0.315841   0.348443
0.00719948   0.156027   0.346102
0.170551   0.183657   0.160117
0.33181   0.335997   0.179711
0.172091   0.325985   0.343156
0.327516   0.156706   0.322949
